# x
6.885612e-01
6.786595e-01
6.687438e-01
6.596075e-01
6.510326e-01
6.422352e-01
6.325317e-01
6.228279e-01
6.136153e-01
6.045157e-01
5.957309e-01
4.694245e-01
4.589435e-01
4.484625e-01
4.389890e-01
4.298707e-01
4.204269e-01
4.103922e-01
4.003576e-01
3.911095e-01
3.818852e-01
3.726259e-01
2.767556e-01
2.710067e-01
2.654343e-01
2.598620e-01
2.546549e-01
2.494895e-01
2.446448e-01
2.401040e-01
2.353291e-01
2.289766e-01
2.226239e-01
1.026866e-01
9.220311e-02
8.054350e-02
6.891318e-02
5.778050e-02
4.664789e-02
3.637996e-02
2.653505e-02
1.669691e-02
6.875338e-03
-2.946233e-03
-9.312885e-02
-9.773977e-02
-1.031652e-01
-1.085786e-01
-1.139481e-01
-1.193176e-01
-1.252355e-01
-1.312659e-01
-1.366928e-01
-1.413683e-01
-1.459864e-01
-1.423677e-01
-1.372631e-01
-1.314485e-01
-1.267716e-01
-1.240155e-01
-1.212595e-01
-1.184574e-01
-1.156548e-01
-1.118207e-01
-1.073091e-01
-1.032293e-01
-7.048722e-02
-6.804891e-02
-6.551528e-02
-6.439381e-02
-6.452400e-02
-6.478900e-02
-6.584296e-02
-6.689690e-02
-6.759605e-02
-6.818421e-02
-6.773467e-02
-4.511872e-02
-4.412816e-02
-4.313760e-02
-4.107811e-02
-3.853447e-02
-3.667483e-02
-3.638060e-02
-3.608637e-02
-3.587191e-02
-3.566440e-02
-3.373771e-02
-1.395271e-02
-1.368562e-02
-1.341852e-02
-1.188741e-02
-1.012692e-02
-9.305658e-03
-9.577159e-03
-9.889860e-03
-1.068934e-02
-1.148881e-02
-2.598250e-02
-2.689051e-02
-2.806994e-02
-2.925135e-02
-3.086483e-02
-3.247830e-02
-3.351044e-02
-3.418684e-02
-3.525267e-02
-3.757799e-02
-3.990331e-02
-5.739875e-02
-5.799246e-02
-5.931721e-02
-6.067289e-02
-6.218772e-02
-6.370254e-02
-6.370773e-02
-6.328340e-02
-6.378413e-02
-6.570576e-02
-6.763052e-02
-9.358156e-02
-9.506187e-02
-9.687465e-02
-9.862794e-02
-1.002553e-01
-1.018827e-01
-1.035931e-01
-1.053092e-01
-1.064603e-01
-1.071538e-01
-1.078743e-01
-1.026433e-01
-9.979664e-02
-9.670298e-02
-9.431720e-02
-9.270143e-02
-9.108626e-02
-8.947689e-02
-8.786753e-02
-8.494636e-02
-8.149097e-02
-7.881221e-02
-6.005019e-02
-5.796632e-02
-5.588245e-02
-5.510056e-02
-5.506020e-02
-5.517239e-02
-5.573511e-02
-5.629784e-02
-5.670031e-02
-5.707857e-02
-5.702469e-02
-5.727766e-02
-5.689610e-02
-5.651454e-02
-5.516244e-02
-5.356048e-02
-5.196008e-02
-5.036194e-02
-4.874562e-02
-4.647217e-02
-4.419873e-02
-1.527961e-02
-1.564218e-02
-1.627421e-02
-1.690624e-02
-1.537322e-02
-1.373441e-02
-1.276935e-02
-1.231419e-02
-1.184519e-02
-1.131531e-02
-1.078543e-02
-2.751460e-02
-2.929468e-02
-3.108493e-02
-3.287160e-02
-3.462989e-02
-3.638818e-02
-3.785604e-02
-3.921504e-02
-4.058240e-02
-4.196573e-02
-4.334907e-02
-3.891458e-02
-3.869303e-02
-3.903604e-02
-3.941035e-02
-3.986943e-02
-4.032850e-02
-3.980579e-02
-3.915613e-02
-3.901467e-02
-3.937870e-02
-3.970402e-02
-1.909129e-02
-1.754072e-02
-1.648857e-02
-1.542594e-02
-1.434935e-02
-1.327402e-02
-1.222607e-02
-1.117812e-02
-9.257348e-03
-6.885847e-03
-4.997738e-03
2.454585e-03
3.903632e-03
5.394034e-03
5.671927e-03
5.093064e-03
4.414195e-03
3.339707e-03
2.265226e-03
1.964110e-03
1.835519e-03
1.569461e-03
4.406443e-03
7.398163e-03
1.038988e-02
1.195019e-02
1.301827e-02
1.379298e-02
1.404595e-02
1.429893e-02
1.378080e-02
1.324351e-02
1.359766e-02
-1.061936e-02
-1.418680e-02
-1.816658e-02
-2.214634e-02
-2.580733e-02
-2.943378e-02
-3.369621e-02
-3.855037e-02
-4.337179e-02
-4.798200e-02
-5.259219e-02
-1.050128e-01
-1.079288e-01
-1.106728e-01
-1.133689e-01
-1.153192e-01
-1.172695e-01
-1.197913e-01
-1.225869e-01
-1.253391e-01
-1.279863e-01
-1.306335e-01
-1.511531e-01
-1.534320e-01
-1.557788e-01
-1.580733e-01
-1.601814e-01
-1.622894e-01
-1.623028e-01
-1.619004e-01
-1.623943e-01
-1.639830e-01
-1.655634e-01
-1.769074e-01
-1.784854e-01
-1.803700e-01
-1.818372e-01
-1.826137e-01
-1.833903e-01
-1.815684e-01
-1.797269e-01
-1.787286e-01
-1.782732e-01
-1.779678e-01
-1.839596e-01
-1.863453e-01
-1.889197e-01
-1.915001e-01
-1.940856e-01
-1.967020e-01
-1.994929e-01
-2.022838e-01
-2.045197e-01
-2.065865e-01
-2.088528e-01
-2.356594e-01
-2.346033e-01
-2.335471e-01
-2.333858e-01
-2.336209e-01
-2.336393e-01
-2.331724e-01
-2.327055e-01
-2.295439e-01
-2.261625e-01
-2.231662e-01
-1.574436e-01
-1.506375e-01
-1.415546e-01
-1.324717e-01
-1.254492e-01
-1.187870e-01
-1.119307e-01
-1.048527e-01
-9.778954e-02
-9.089165e-02
-8.399376e-02
1.378260e-02
1.869095e-02
2.349725e-02
2.830848e-02
3.364975e-02
3.899103e-02
4.347460e-02
4.744364e-02
5.114253e-02
5.398994e-02
5.683733e-02
5.122250e-02
4.704921e-02
4.253083e-02
3.829534e-02
3.546677e-02
3.263820e-02
2.935102e-02
2.593687e-02
2.339859e-02
2.217950e-02
2.098681e-02
3.729423e-02
3.794325e-02
3.854493e-02
3.893102e-02
3.887044e-02
3.880985e-02
3.926343e-02
3.974905e-02
3.770548e-02
3.365171e-02
2.905982e-02
-8.250950e-02
-9.021609e-02
-9.814725e-02
-1.059046e-01
-1.134764e-01
-1.209990e-01
-1.280771e-01
-1.351553e-01
-1.418555e-01
-1.484054e-01
-1.547221e-01
-1.856930e-01
-1.857623e-01
-1.858316e-01
-1.856224e-01
-1.852577e-01
-1.848082e-01
-1.841138e-01
-1.834195e-01
-1.812752e-01
-1.789208e-01
-1.770303e-01
-1.369305e-01
-1.308118e-01
-1.246931e-01
-1.199530e-01
-1.155577e-01
-1.110653e-01
-1.064365e-01
-1.017980e-01
-9.685861e-02
-9.191921e-02
-4.016461e-02
-3.668675e-02
-3.232131e-02
-2.795587e-02
-2.553291e-02
-2.319487e-02
-2.087740e-02
-1.857521e-02
-1.622768e-02
-1.368653e-02
-1.114538e-02
3.301936e-02
3.536775e-02
3.775778e-02
4.008129e-02
4.189926e-02
4.371724e-02
4.507187e-02
4.625692e-02
4.723997e-02
4.784436e-02
4.844875e-02
3.758728e-02
3.696250e-02
3.621900e-02
3.581923e-02
3.632837e-02
3.683752e-02
3.683699e-02
3.677360e-02
3.677806e-02
3.684876e-02
3.691297e-02
3.459516e-02
3.456015e-02
3.451658e-02
3.433986e-02
3.398844e-02
3.358551e-02
3.216873e-02
3.075194e-02
2.850226e-02
2.583143e-02
2.280358e-02
-2.077954e-02
-2.223919e-02
-2.370354e-02
-2.529058e-02
-2.696264e-02
-2.829393e-02
-2.831577e-02
-2.833760e-02
-3.137506e-02
-3.506420e-02
-3.940872e-02
-7.687401e-02
-7.680671e-02
-7.673941e-02
-7.677380e-02
-7.684230e-02
-7.715984e-02
-7.791135e-02
-7.866285e-02
-7.868471e-02
-7.869202e-02
-7.919102e-02
-7.023540e-02
-6.884971e-02
-6.653019e-02
-6.421068e-02
-6.420230e-02
-6.443103e-02
-6.513410e-02
-6.627018e-02
-6.713673e-02
-6.632814e-02
-6.551954e-02
-6.897929e-02
-6.791986e-02
-6.559664e-02
-6.341603e-02
-6.328373e-02
-6.315143e-02
-6.278367e-02
-6.230556e-02
-6.173471e-02
-6.094405e-02
-6.015338e-02
-1.958711e-02
-1.639511e-02
-1.282355e-02
-8.654729e-03
-2.407541e-03
3.839648e-03
8.862079e-03
1.364940e-02
1.822360e-02
2.254237e-02
2.705621e-02
3.413502e-02
4.121383e-02
4.511020e-02
4.755330e-02
4.977850e-02
5.150083e-02


# y
1.473169e+01
1.477369e+01
1.481578e+01
1.485704e+01
1.489770e+01
1.493870e+01
1.498111e+01
1.502352e+01
1.506390e+01
1.510381e+01
1.514434e+01
1.571071e+01
1.575259e+01
1.579448e+01
1.583461e+01
1.587412e+01
1.591448e+01
1.595639e+01
1.599829e+01
1.603803e+01
1.607770e+01
1.611847e+01
1.664193e+01
1.668177e+01
1.672290e+01
1.676403e+01
1.680339e+01
1.684256e+01
1.688293e+01
1.692446e+01
1.696575e+01
1.700544e+01
1.704514e+01
1.762211e+01
1.766222e+01
1.770310e+01
1.774371e+01
1.777968e+01
1.781565e+01
1.785025e+01
1.788418e+01
1.791600e+01
1.794257e+01
1.796915e+01
1.813412e+01
1.813873e+01
1.814409e+01
1.814923e+01
1.815353e+01
1.815784e+01
1.816142e+01
1.816485e+01
1.816797e+01
1.817072e+01
1.817325e+01
1.811133e+01
1.810466e+01
1.809792e+01
1.809104e+01
1.808392e+01
1.807679e+01
1.806833e+01
1.805986e+01
1.805034e+01
1.804014e+01
1.803036e+01
1.792603e+01
1.791901e+01
1.791194e+01
1.790562e+01
1.789995e+01
1.789423e+01
1.788820e+01
1.788218e+01
1.787659e+01
1.787113e+01
1.786534e+01
1.780014e+01
1.779710e+01
1.779407e+01
1.779168e+01
1.778957e+01
1.778759e+01
1.778588e+01
1.778418e+01
1.778251e+01
1.778085e+01
1.777964e+01
1.769456e+01
1.767784e+01
1.766113e+01
1.763855e+01
1.761490e+01
1.758907e+01
1.756070e+01
1.753190e+01
1.749808e+01
1.746426e+01
1.657784e+01
1.649985e+01
1.641898e+01
1.633813e+01
1.625976e+01
1.618139e+01
1.609941e+01
1.601523e+01
1.593158e+01
1.584965e+01
1.576773e+01
1.446931e+01
1.436775e+01
1.426352e+01
1.415974e+01
1.405831e+01
1.395688e+01
1.384868e+01
1.373855e+01
1.363019e+01
1.352453e+01
1.341880e+01
1.181067e+01
1.169326e+01
1.157463e+01
1.145764e+01
1.134411e+01
1.123058e+01
1.111102e+01
1.099104e+01
1.087402e+01
1.075937e+01
1.064406e+01
9.041835e+00
8.929799e+00
8.817257e+00
8.707099e+00
8.599537e+00
8.491432e+00
8.378156e+00
8.264881e+00
8.154454e+00
8.045187e+00
7.934743e+00
6.406861e+00
6.298569e+00
6.190276e+00
6.084634e+00
5.980500e+00
5.874841e+00
5.764678e+00
5.654516e+00
5.548793e+00
5.443740e+00
5.335230e+00
3.816571e+00
3.708227e+00
3.599884e+00
3.496019e+00
3.393306e+00
3.287995e+00
3.178963e+00
3.070079e+00
2.966574e+00
2.863069e+00
1.424490e+00
1.321317e+00
1.210813e+00
1.100310e+00
9.963646e-01
8.927394e-01
7.892912e-01
6.859776e-01
5.829167e-01
4.809709e-01
3.790257e-01
-1.103696e+00
-1.207124e+00
-1.315375e+00
-1.423147e+00
-1.527110e+00
-1.631072e+00
-1.743257e+00
-1.858524e+00
-1.970020e+00
-2.074300e+00
-2.178581e+00
-3.655369e+00
-3.758202e+00
-3.862261e+00
-3.965235e+00
-4.065279e+00
-4.165322e+00
-4.270809e+00
-4.377000e+00
-4.480839e+00
-4.582340e+00
-4.684457e+00
-6.143075e+00
-6.246741e+00
-6.351216e+00
-6.453809e+00
-6.553882e+00
-6.654217e+00
-6.760312e+00
-6.866408e+00
-6.969735e+00
-7.071634e+00
-7.174554e+00
-8.589166e+00
-8.693719e+00
-8.798510e+00
-8.902733e+00
-9.006557e+00
-9.111712e+00
-9.222141e+00
-9.332569e+00
-9.443304e+00
-9.554107e+00
-9.663786e+00
-1.113278e+01
-1.123563e+01
-1.133848e+01
-1.143875e+01
-1.153813e+01
-1.163950e+01
-1.174440e+01
-1.184930e+01
-1.194852e+01
-1.204761e+01
-1.215017e+01
-1.339313e+01
-1.348544e+01
-1.358396e+01
-1.368247e+01
-1.377765e+01
-1.387247e+01
-1.396516e+01
-1.405588e+01
-1.414515e+01
-1.422506e+01
-1.430497e+01
-1.503964e+01
-1.506245e+01
-1.508118e+01
-1.509949e+01
-1.511123e+01
-1.512298e+01
-1.513348e+01
-1.514339e+01
-1.515161e+01
-1.515571e+01
-1.515981e+01
-1.505736e+01
-1.504113e+01
-1.502377e+01
-1.500624e+01
-1.498806e+01
-1.496989e+01
-1.495069e+01
-1.493130e+01
-1.491164e+01
-1.489166e+01
-1.487158e+01
-1.460268e+01
-1.458465e+01
-1.456603e+01
-1.454795e+01
-1.453075e+01
-1.451356e+01
-1.449569e+01
-1.447781e+01
-1.446067e+01
-1.444400e+01
-1.442709e+01
-1.419901e+01
-1.418520e+01
-1.417135e+01
-1.415840e+01
-1.414625e+01
-1.413417e+01
-1.412244e+01
-1.411070e+01
-1.410119e+01
-1.409235e+01
-1.408332e+01
-1.398390e+01
-1.397853e+01
-1.397315e+01
-1.396708e+01
-1.396070e+01
-1.395418e+01
-1.394736e+01
-1.394054e+01
-1.393480e+01
-1.392916e+01
-1.392409e+01
-1.389714e+01
-1.389760e+01
-1.389989e+01
-1.390219e+01
-1.390343e+01
-1.390449e+01
-1.390591e+01
-1.390774e+01
-1.390963e+01
-1.391218e+01
-1.391474e+01
-1.392828e+01
-1.392211e+01
-1.391356e+01
-1.390497e+01
-1.389277e+01
-1.388058e+01
-1.386363e+01
-1.384381e+01
-1.382241e+01
-1.379601e+01
-1.376960e+01
-1.292486e+01
-1.284325e+01
-1.275944e+01
-1.267635e+01
-1.259679e+01
-1.251723e+01
-1.243261e+01
-1.234660e+01
-1.226235e+01
-1.218077e+01
-1.209913e+01
-1.088814e+01
-1.079363e+01
-1.069705e+01
-1.060109e+01
-1.050639e+01
-1.041170e+01
-1.031022e+01
-1.020832e+01
-1.010792e+01
-1.000872e+01
-9.908450e+00
-8.460241e+00
-8.345572e+00
-8.228344e+00
-8.113724e+00
-8.001890e+00
-7.889040e+00
-7.766986e+00
-7.644931e+00
-7.530300e+00
-7.418624e+00
-7.305019e+00
-5.732583e+00
-5.619679e+00
-5.506774e+00
-5.396943e+00
-5.288827e+00
-5.179059e+00
-5.064533e+00
-4.950008e+00
-4.840783e+00
-4.732326e+00
-4.621125e+00
-3.085803e+00
-2.980457e+00
-2.875112e+00
-2.770776e+00
-2.666693e+00
-2.559974e+00
-2.449552e+00
-2.339318e+00
-2.234841e+00
-2.130364e+00
-6.531883e-01
-5.511627e-01
-4.484239e-01
-3.456852e-01
-2.434934e-01
-1.413248e-01
-3.489620e-02
7.469437e-02
1.831984e-01
2.870595e-01
3.909206e-01
1.826529e+00
1.926836e+00
2.029328e+00
2.131010e+00
2.226536e+00
2.322062e+00
2.423266e+00
2.526547e+00
2.628100e+00
2.726411e+00
2.824722e+00
4.206258e+00
4.310355e+00
4.418224e+00
4.526534e+00
4.636013e+00
4.745492e+00
4.856522e+00
4.967743e+00
5.076224e+00
5.182028e+00
5.288415e+00
6.786533e+00
6.893510e+00
7.001363e+00
7.107643e+00
7.211859e+00
7.316301e+00
7.425180e+00
7.534060e+00
7.641686e+00
7.748677e+00
7.857417e+00
9.374975e+00
9.483100e+00
9.591360e+00
9.697001e+00
9.800825e+00
9.905189e+00
1.001163e+01
1.011807e+01
1.022353e+01
1.032879e+01
1.043655e+01
1.191417e+01
1.201914e+01
1.212411e+01
1.222676e+01
1.232862e+01
1.243343e+01
1.254337e+01
1.265331e+01
1.275859e+01
1.286377e+01
1.297096e+01
1.433376e+01
1.443601e+01
1.453989e+01
1.464377e+01
1.474689e+01
1.484992e+01
1.495660e+01
1.506662e+01
1.517589e+01
1.528046e+01
1.538504e+01
1.687519e+01
1.697589e+01
1.707530e+01
1.717454e+01
1.727119e+01
1.736785e+01
1.746560e+01
1.756385e+01
1.765852e+01
1.774471e+01
1.783090e+01
1.860257e+01
1.862794e+01
1.865073e+01
1.867180e+01
1.868684e+01
1.870188e+01
1.871929e+01
1.873716e+01
1.875418e+01
1.877019e+01
1.878626e+01
1.880314e+01
1.882002e+01
1.883512e+01
1.884940e+01
1.886320e+01
1.887587e+01


# z
4.992645e+01
4.992645e+01
4.992645e+01
4.992645e+01
4.992645e+01
4.992645e+01
4.992645e+01
4.992645e+01
4.992645e+01
4.992645e+01
4.992645e+01
5.002645e+01
5.002645e+01
5.002645e+01
5.002645e+01
5.002645e+01
5.002645e+01
5.002645e+01
5.002645e+01
5.002645e+01
5.002645e+01
5.002645e+01
5.002645e+01
5.002645e+01
5.002645e+01
5.002645e+01
5.002645e+01
5.002645e+01
5.002645e+01
5.002645e+01
5.002645e+01
5.002645e+01
5.002645e+01
5.002645e+01
5.002645e+01
5.002645e+01
5.002645e+01
5.002645e+01
5.002644e+01
5.002644e+01
5.002644e+01
5.002644e+01
5.002644e+01
5.002644e+01
4.994330e+01
4.995153e+01
4.999347e+01
5.002644e+01
5.002644e+01
5.002644e+01
5.002644e+01
5.002644e+01
5.002644e+01
5.002644e+01
5.002644e+01
5.002644e+01
5.002644e+01
5.002644e+01
5.002644e+01
5.002644e+01
5.002644e+01
5.002644e+01
5.002644e+01
5.002644e+01
5.002644e+01
5.002644e+01
5.002644e+01
5.002644e+01
5.002644e+01
5.002644e+01
5.002644e+01
5.002644e+01
5.002644e+01
5.002644e+01
5.002644e+01
5.002644e+01
5.002644e+01
5.002645e+01
5.002645e+01
5.002645e+01
5.002645e+01
5.002645e+01
5.002645e+01
5.002645e+01
5.002645e+01
5.002645e+01
5.002645e+01
5.002645e+01
5.002645e+01
5.002645e+01
5.002645e+01
5.002645e+01
5.002645e+01
5.002645e+01
5.002645e+01
5.002645e+01
5.002645e+01
5.002645e+01
5.002645e+01
5.002645e+01
5.002645e+01
5.002645e+01
5.002645e+01
5.002645e+01
5.002645e+01
5.002645e+01
5.001654e+01
4.997460e+01
4.993266e+01
4.992645e+01
4.992645e+01
4.992645e+01
4.992645e+01
4.992645e+01
4.992645e+01
4.992645e+01
4.992646e+01
4.992646e+01
4.992646e+01
4.992646e+01
4.992646e+01
4.992646e+01
4.992646e+01
4.992646e+01
4.992646e+01
4.992646e+01
4.992646e+01
4.992646e+01
4.992646e+01
4.992646e+01
4.992646e+01
5.002646e+01
5.002646e+01
5.002646e+01
5.002646e+01
5.002646e+01
5.002646e+01
5.002646e+01
5.002646e+01
5.002646e+01
5.002646e+01
5.002646e+01
5.002647e+01
5.002647e+01
5.002647e+01
5.002647e+01
5.002647e+01
5.002647e+01
5.002647e+01
5.002647e+01
5.002647e+01
5.002647e+01
5.002647e+01
5.002647e+01
5.002647e+01
5.002647e+01
5.002647e+01
5.002647e+01
5.002647e+01
5.002647e+01
5.002647e+01
5.002647e+01
5.002647e+01
5.002647e+01
5.002647e+01
5.002647e+01
5.002647e+01
5.002647e+01
5.002647e+01
5.002647e+01
5.002647e+01
5.002647e+01
5.002647e+01
5.002647e+01
5.002647e+01
5.002647e+01
5.002647e+01
5.002647e+01
5.002647e+01
5.002647e+01
5.002647e+01
5.002647e+01
5.002647e+01
5.002647e+01
5.002647e+01
5.002647e+01
5.002647e+01
5.002647e+01
5.002647e+01
5.002647e+01
5.002647e+01
5.002647e+01
5.002647e+01
5.002647e+01
5.002647e+01
5.002647e+01
5.002647e+01
5.002647e+01
5.002647e+01
5.002647e+01
5.002647e+01
5.002647e+01
5.002647e+01
5.002647e+01
5.002647e+01
5.002647e+01
5.002647e+01
5.002646e+01
5.002646e+01
5.002646e+01
5.002646e+01
5.002646e+01
5.002646e+01
5.002646e+01
5.002646e+01
5.002646e+01
5.002646e+01
5.002646e+01
5.002646e+01
5.002646e+01
5.002646e+01
5.002646e+01
5.002646e+01
5.002646e+01
5.002646e+01
5.002646e+01
5.002646e+01
5.002646e+01
5.002646e+01
5.002646e+01
5.002646e+01
5.002646e+01
5.002646e+01
5.002645e+01
5.002645e+01
5.002645e+01
5.002645e+01
5.002645e+01
5.002645e+01
5.002645e+01
5.002645e+01
5.002645e+01
5.002645e+01
5.002645e+01
5.002645e+01
5.002645e+01
5.002645e+01
5.002645e+01
5.002645e+01
5.002645e+01
5.002645e+01
5.002645e+01
5.002645e+01
5.002645e+01
5.002645e+01
5.002645e+01
5.002645e+01
5.002645e+01
5.002645e+01
5.002645e+01
5.002645e+01
5.002645e+01
5.002645e+01
5.002645e+01
5.002645e+01
5.002645e+01
5.002645e+01
5.002645e+01
5.002645e+01
5.002645e+01
5.002645e+01
5.002645e+01
5.002645e+01
5.002645e+01
5.002645e+01
5.002645e+01
5.002645e+01
5.002645e+01
5.002645e+01
5.002645e+01
5.002645e+01
5.002645e+01
5.002645e+01
5.002645e+01
5.002645e+01
5.002645e+01
5.002645e+01
5.002645e+01
5.002645e+01
5.002645e+01
5.002645e+01
5.002645e+01
5.002645e+01
5.002645e+01
5.002645e+01
5.002645e+01
5.002645e+01
5.002645e+01
5.002645e+01
5.002645e+01
5.002645e+01
5.002645e+01
5.002645e+01
5.002645e+01
5.002645e+01
5.002645e+01
5.002645e+01
5.002645e+01
5.002645e+01
5.002645e+01
5.002645e+01
5.002645e+01
5.002645e+01
5.002645e+01
5.002645e+01
5.002645e+01
5.002646e+01
5.002646e+01
5.002646e+01
5.002646e+01
5.002646e+01
5.002646e+01
5.002646e+01
5.002646e+01
5.002646e+01
5.002646e+01
5.002646e+01
5.002646e+01
5.002646e+01
5.002646e+01
5.002646e+01
5.002646e+01
5.002646e+01
5.002646e+01
5.002646e+01
5.002646e+01
5.002646e+01
5.002646e+01
5.002646e+01
4.992646e+01
4.992646e+01
4.992646e+01
4.992646e+01
4.992646e+01
4.992647e+01
4.992647e+01
4.992647e+01
4.992647e+01
4.992647e+01
4.992647e+01
4.992647e+01
4.992647e+01
4.992647e+01
4.992647e+01
4.992647e+01
4.992647e+01
4.992647e+01
4.992647e+01
4.992647e+01
4.992647e+01
4.992647e+01
4.992647e+01
4.992647e+01
4.992647e+01
4.992647e+01
4.992647e+01
4.994391e+01
4.998585e+01
5.002647e+01
5.002647e+01
5.002647e+01
5.002647e+01
5.002647e+01
5.002647e+01
5.002647e+01
5.002647e+01
5.002647e+01
5.002647e+01
5.002647e+01
5.002647e+01
5.002647e+01
5.002647e+01
5.002647e+01
5.002647e+01
5.002647e+01
5.002647e+01
5.002647e+01
5.002647e+01
5.002647e+01
5.002647e+01
5.002647e+01
5.002647e+01
5.002647e+01
5.002647e+01
5.002647e+01
5.002647e+01
5.002647e+01
5.002647e+01
5.002647e+01
5.002647e+01
5.002647e+01
5.002647e+01
5.002647e+01
5.002647e+01
5.002647e+01
5.002647e+01
5.002647e+01
5.002647e+01
5.002647e+01
5.002647e+01
5.002647e+01
5.002647e+01
5.002647e+01
5.002647e+01
5.002647e+01
5.002646e+01
5.002646e+01
5.002646e+01
5.002646e+01
5.002646e+01
5.002646e+01
5.002646e+01
5.002646e+01
5.002646e+01
5.002646e+01
5.002646e+01
5.002646e+01
5.002646e+01
5.002646e+01
5.002646e+01
5.002646e+01
5.002646e+01
5.002646e+01
5.002646e+01
5.002646e+01
5.002646e+01
5.002646e+01
5.002645e+01
5.002645e+01
5.002645e+01
5.002645e+01
5.002645e+01
5.002645e+01
5.002645e+01
5.002645e+01
5.002064e+01
4.997870e+01
4.993675e+01
4.992645e+01
4.992645e+01
4.992645e+01
4.992918e+01
4.997112e+01
5.001306e+01
5.002645e+01
5.002645e+01
5.002645e+01
5.002645e+01
5.002644e+01
5.002644e+01
5.002644e+01
5.002644e+01
5.002644e+01
5.002644e+01
5.002644e+01
5.002644e+01
5.002644e+01
5.002644e+01
5.002644e+01
5.002348e+01
4.998153e+01
4.993959e+01
4.992644e+01
4.992644e+01
4.992644e+01
4.992644e+01


# theta_full
1.643963e+01
1.648396e+01
1.652836e+01
1.657187e+01
1.661473e+01
1.665793e+01
1.670259e+01
1.674723e+01
1.678971e+01
1.683168e+01
1.687428e+01
1.743480e+01
1.747845e+01
1.752208e+01
1.756387e+01
1.760499e+01
1.764698e+01
1.769055e+01
1.773410e+01
1.777538e+01
1.781658e+01
1.785889e+01
1.840035e+01
1.844143e+01
1.848381e+01
1.852617e+01
1.856670e+01
1.860699e+01
1.864852e+01
1.869120e+01
1.873363e+01
1.877439e+01
1.881513e+01
1.940511e+01
1.944597e+01
1.948759e+01
1.952892e+01
1.956550e+01
1.960207e+01
1.963723e+01
1.967169e+01
1.970399e+01
1.973097e+01
1.975793e+01
1.995566e+01
1.995731e+01
1.994731e+01
1.994040e+01
1.994476e+01
1.994912e+01
1.995274e+01
1.995621e+01
1.995937e+01
1.996215e+01
1.996471e+01
1.990204e+01
1.989528e+01
1.988846e+01
1.988149e+01
1.987427e+01
1.986705e+01
1.985849e+01
1.984990e+01
1.984026e+01
1.982992e+01
1.982000e+01
1.971418e+01
1.970706e+01
1.969988e+01
1.969346e+01
1.968770e+01
1.968189e+01
1.967578e+01
1.966966e+01
1.966398e+01
1.965843e+01
1.965256e+01
1.958630e+01
1.958321e+01
1.958013e+01
1.957770e+01
1.957556e+01
1.957355e+01
1.957181e+01
1.957007e+01
1.956838e+01
1.956669e+01
1.956545e+01
1.947890e+01
1.946188e+01
1.944486e+01
1.942186e+01
1.939777e+01
1.937145e+01
1.934252e+01
1.931315e+01
1.927864e+01
1.924412e+01
1.833424e+01
1.825372e+01
1.817015e+01
1.808651e+01
1.800537e+01
1.792414e+01
1.783911e+01
1.775170e+01
1.766804e+01
1.759664e+01
1.752507e+01
1.616225e+01
1.605467e+01
1.594414e+01
1.583398e+01
1.572618e+01
1.561827e+01
1.550303e+01
1.538561e+01
1.526995e+01
1.515705e+01
1.504395e+01
1.330930e+01
1.318164e+01
1.305251e+01
1.292503e+01
1.280120e+01
1.267725e+01
1.254658e+01
1.241533e+01
1.228717e+01
1.216150e+01
1.203498e+01
1.024509e+01
1.012079e+01
9.995825e+00
9.873416e+00
9.753802e+00
9.633499e+00
9.507350e+00
9.381108e+00
9.257952e+00
9.136004e+00
9.012657e+00
7.298110e+00
7.176050e+00
7.053925e+00
6.934726e+00
6.817170e+00
6.697833e+00
6.573347e+00
6.448800e+00
6.329213e+00
6.210330e+00
6.087478e+00
4.362703e+00
4.239314e+00
4.115886e+00
3.997523e+00
3.880440e+00
3.760363e+00
3.636007e+00
3.511786e+00
3.393670e+00
3.275526e+00
1.631041e+00
1.512965e+00
1.386485e+00
1.259992e+00
1.140995e+00
1.022354e+00
9.039075e-01
7.856073e-01
6.675896e-01
5.508435e-01
4.340934e-01
-1.263868e+00
-1.382262e+00
-1.506164e+00
-1.629504e+00
-1.748470e+00
-1.867421e+00
-1.995761e+00
-2.127606e+00
-2.255117e+00
-2.374355e+00
-2.493574e+00
-4.179101e+00
-4.296233e+00
-4.414726e+00
-4.531945e+00
-4.645793e+00
-4.759604e+00
-4.879566e+00
-5.000285e+00
-5.118289e+00
-5.233592e+00
-5.349553e+00
-7.000674e+00
-7.117611e+00
-7.235399e+00
-7.351006e+00
-7.463715e+00
-7.576662e+00
-7.696028e+00
-7.815328e+00
-7.931449e+00
-8.045899e+00
-8.161433e+00
-9.742265e+00
-9.858541e+00
-9.975000e+00
-1.009075e+01
-1.020596e+01
-1.032257e+01
-1.044494e+01
-1.056721e+01
-1.068972e+01
-1.081221e+01
-1.093336e+01
-1.254604e+01
-1.265823e+01
-1.277032e+01
-1.287950e+01
-1.298762e+01
-1.309780e+01
-1.321172e+01
-1.332554e+01
-1.343309e+01
-1.354040e+01
-1.365138e+01
-1.498779e+01
-1.508640e+01
-1.519154e+01
-1.529657e+01
-1.539795e+01
-1.549883e+01
-1.559737e+01
-1.569371e+01
-1.578843e+01
-1.587314e+01
-1.595779e+01
-1.673255e+01
-1.675651e+01
-1.677618e+01
-1.679540e+01
-1.680772e+01
-1.682005e+01
-1.683107e+01
-1.684147e+01
-1.685009e+01
-1.685439e+01
-1.685869e+01
-1.675116e+01
-1.673411e+01
-1.671588e+01
-1.669746e+01
-1.667836e+01
-1.665926e+01
-1.663908e+01
-1.661868e+01
-1.659801e+01
-1.657699e+01
-1.655586e+01
-1.627249e+01
-1.625345e+01
-1.623380e+01
-1.621470e+01
-1.619654e+01
-1.617838e+01
-1.615950e+01
-1.614061e+01
-1.612249e+01
-1.610486e+01
-1.608699e+01
-1.584553e+01
-1.583090e+01
-1.581621e+01
-1.580249e+01
-1.578960e+01
-1.577678e+01
-1.576434e+01
-1.575189e+01
-1.574180e+01
-1.573242e+01
-1.572284e+01
-1.561728e+01
-1.561157e+01
-1.560586e+01
-1.559941e+01
-1.559263e+01
-1.558570e+01
-1.557845e+01
-1.557121e+01
-1.556511e+01
-1.555911e+01
-1.555372e+01
-1.552507e+01
-1.552556e+01
-1.552800e+01
-1.553044e+01
-1.553176e+01
-1.553289e+01
-1.553440e+01
-1.553634e+01
-1.553835e+01
-1.554106e+01
-1.554378e+01
-1.555817e+01
-1.555162e+01
-1.554252e+01
-1.553339e+01
-1.552043e+01
-1.550746e+01
-1.548943e+01
-1.546836e+01
-1.544559e+01
-1.541748e+01
-1.538937e+01
-1.448620e+01
-1.439854e+01
-1.430845e+01
-1.421906e+01
-1.413340e+01
-1.404768e+01
-1.395645e+01
-1.386363e+01
-1.377264e+01
-1.368447e+01
-1.359616e+01
-1.227879e+01
-1.217541e+01
-1.206968e+01
-1.196453e+01
-1.186070e+01
-1.175679e+01
-1.164534e+01
-1.153334e+01
-1.142291e+01
-1.131371e+01
-1.120324e+01
-9.617639e+00
-9.489671e+00
-9.358746e+00
-9.230639e+00
-9.105557e+00
-8.979249e+00
-8.842539e+00
-8.705728e+00
-8.577147e+00
-8.451796e+00
-8.324197e+00
-6.550047e+00
-6.422132e+00
-6.294151e+00
-6.169593e+00
-6.046923e+00
-5.922323e+00
-5.792262e+00
-5.662141e+00
-5.537988e+00
-5.414656e+00
-5.288151e+00
-3.536778e+00
-3.416328e+00
-3.295847e+00
-3.176493e+00
-3.057400e+00
-2.934241e+00
-2.805530e+00
-2.677293e+00
-2.557884e+00
-2.438453e+00
-7.480601e-01
-6.312262e-01
-5.135703e-01
-3.959102e-01
-2.788730e-01
-1.618601e-01
-3.996694e-02
8.554809e-02
2.098179e-01
3.287683e-01
4.477159e-01
2.091011e+00
2.205733e+00
2.322934e+00
2.439191e+00
2.548390e+00
2.657572e+00
2.773221e+00
2.891221e+00
3.007223e+00
3.119498e+00
3.231749e+00
4.806161e+00
4.924527e+00
5.047137e+00
5.170202e+00
5.294547e+00
5.418842e+00
5.544844e+00
5.671010e+00
5.794015e+00
5.913933e+00
6.034459e+00
7.725519e+00
7.845791e+00
7.966979e+00
8.086330e+00
8.203294e+00
8.320441e+00
8.442492e+00
8.564467e+00
8.684960e+00
8.804665e+00
8.926248e+00
1.061414e+01
1.073373e+01
1.085337e+01
1.097002e+01
1.108459e+01
1.119965e+01
1.131691e+01
1.143407e+01
1.155007e+01
1.166574e+01
1.178406e+01
1.339586e+01
1.350958e+01
1.362319e+01
1.373418e+01
1.384422e+01
1.395733e+01
1.407586e+01
1.419426e+01
1.430753e+01
1.442059e+01
1.453568e+01
1.598825e+01
1.609642e+01
1.620619e+01
1.631584e+01
1.642456e+01
1.653306e+01
1.664529e+01
1.676089e+01
1.687741e+01
1.700046e+01
1.712357e+01
1.867531e+01
1.877896e+01
1.888116e+01
1.898209e+01
1.906635e+01
1.915039e+01
1.924549e+01
1.934573e+01
1.944220e+01
1.952993e+01
1.961756e+01
2.039789e+01
2.042341e+01
2.044634e+01
2.046751e+01
2.048263e+01
2.049775e+01
2.051524e+01
2.053319e+01
2.055029e+01
2.056636e+01
2.058361e+01
2.061639e+01
2.064921e+01
2.066935e+01
2.068370e+01
2.069756e+01
2.071028e+01


# theta1
1.965843e+01
1.965256e+01
1.958630e+01
1.958321e+01
1.958013e+01
1.957770e+01
1.957556e+01
1.957355e+01
1.957181e+01
1.957007e+01
1.956838e+01
1.956669e+01
1.956545e+01
1.947890e+01
1.946188e+01
1.944486e+01
1.942186e+01
1.939777e+01
1.937145e+01
1.934252e+01
1.931315e+01
1.927864e+01
1.924412e+01
1.833424e+01
1.825372e+01
1.817015e+01
1.808651e+01
1.800537e+01
1.792414e+01
1.783911e+01
1.775170e+01
1.766804e+01
1.759664e+01
1.752507e+01
1.616225e+01
1.605467e+01
1.594414e+01
1.583398e+01
1.572618e+01
1.561827e+01
1.550303e+01
1.538561e+01
1.526995e+01
1.515705e+01
1.504395e+01
1.330930e+01
1.318164e+01
1.305251e+01
1.292503e+01
1.280120e+01
1.267725e+01
1.254658e+01
1.241533e+01
1.228717e+01
1.216150e+01
1.203498e+01
1.024509e+01
1.012079e+01
9.995825e+00
9.873416e+00
9.753802e+00
9.633499e+00
9.507350e+00
9.381108e+00
9.257952e+00
9.136004e+00
9.012657e+00
7.298110e+00
7.176050e+00
7.053925e+00
6.934726e+00
6.817170e+00
6.697833e+00
6.573347e+00
6.448800e+00
6.329213e+00
6.210330e+00
6.087478e+00
4.362703e+00
4.239314e+00
4.115886e+00
3.997523e+00
3.880440e+00
3.760363e+00
3.636007e+00
3.511786e+00
3.393670e+00
3.275526e+00
1.631041e+00
1.512965e+00
1.386485e+00
1.259992e+00
1.140995e+00
1.022354e+00
9.039075e-01
7.856073e-01
6.675896e-01
5.508435e-01
4.340934e-01
-1.263868e+00
-1.382262e+00
-1.506164e+00
-1.629504e+00
-1.748470e+00
-1.867421e+00
-1.995761e+00
-2.127606e+00
-2.255117e+00
-2.374355e+00
-2.493574e+00
-4.179101e+00
-4.296233e+00
-4.414726e+00
-4.531945e+00
-4.645793e+00
-4.759604e+00
-4.879566e+00
-5.000285e+00
-5.118289e+00
-5.233592e+00
-5.349553e+00
-7.000674e+00
-7.117611e+00
-7.235399e+00
-7.351006e+00
-7.463715e+00
-7.576662e+00
-7.696028e+00
-7.815328e+00
-7.931449e+00
-8.045899e+00
-8.161433e+00
-9.742265e+00
-9.858541e+00
-9.975000e+00
-1.009075e+01
-1.020596e+01
-1.032257e+01
-1.044494e+01
-1.056721e+01
-1.068972e+01
-1.081221e+01
-1.093336e+01
-1.254604e+01
-1.265823e+01
-1.277032e+01
-1.287950e+01
-1.298762e+01
-1.309780e+01
-1.321172e+01
-1.332554e+01
-1.343309e+01
-1.354040e+01
-1.365138e+01
-1.498779e+01
-1.508640e+01
-1.519154e+01
-1.529657e+01
-1.539795e+01
-1.549883e+01
-1.559737e+01
-1.569371e+01
-1.578843e+01
-1.587314e+01
-1.595779e+01
-1.673255e+01
-1.675651e+01
-1.677618e+01
-1.679540e+01
-1.680772e+01
-1.682005e+01
-1.683107e+01
-1.684147e+01
-1.685009e+01
-1.685439e+01


# theta2
-1.552043e+01
-1.550746e+01
-1.548943e+01
-1.546836e+01
-1.544559e+01
-1.541748e+01
-1.538937e+01
-1.448620e+01
-1.439854e+01
-1.430845e+01
-1.421906e+01
-1.413340e+01
-1.404768e+01
-1.395645e+01
-1.386363e+01
-1.377264e+01
-1.368447e+01
-1.359616e+01
-1.227879e+01
-1.217541e+01
-1.206968e+01
-1.196453e+01
-1.186070e+01
-1.175679e+01
-1.164534e+01
-1.153334e+01
-1.142291e+01
-1.131371e+01
-1.120324e+01
-9.617639e+00
-9.489671e+00
-9.358746e+00
-9.230639e+00
-9.105557e+00
-8.979249e+00
-8.842539e+00
-8.705728e+00
-8.577147e+00
-8.451796e+00
-8.324197e+00
-6.550047e+00
-6.422132e+00
-6.294151e+00
-6.169593e+00
-6.046923e+00
-5.922323e+00
-5.792262e+00
-5.662141e+00
-5.537988e+00
-5.414656e+00
-5.288151e+00
-3.536778e+00
-3.416328e+00
-3.295847e+00
-3.176493e+00
-3.057400e+00
-2.934241e+00
-2.805530e+00
-2.677293e+00
-2.557884e+00
-2.438453e+00
-7.480601e-01
-6.312262e-01
-5.135703e-01
-3.959102e-01
-2.788730e-01
-1.618601e-01
-3.996694e-02
8.554809e-02
2.098179e-01
3.287683e-01
4.477159e-01
2.091011e+00
2.205733e+00
2.322934e+00
2.439191e+00
2.548390e+00
2.657572e+00
2.773221e+00
2.891221e+00
3.007223e+00
3.119498e+00
3.231749e+00
4.806161e+00
4.924527e+00
5.047137e+00
5.170202e+00
5.294547e+00
5.418842e+00
5.544844e+00
5.671010e+00
5.794015e+00
5.913933e+00
6.034459e+00
7.725519e+00
7.845791e+00
7.966979e+00
8.086330e+00
8.203294e+00
8.320441e+00
8.442492e+00
8.564467e+00
8.684960e+00
8.804665e+00
8.926248e+00
1.061414e+01
1.073373e+01
1.085337e+01
1.097002e+01
1.108459e+01
1.119965e+01
1.131691e+01
1.143407e+01
1.155007e+01
1.166574e+01
1.178406e+01
1.339586e+01
1.350958e+01
1.362319e+01
1.373418e+01
1.384422e+01
1.395733e+01
1.407586e+01
1.419426e+01
1.430753e+01
1.442059e+01
1.453568e+01
1.598825e+01
1.609642e+01
1.620619e+01
1.631584e+01
1.642456e+01
1.653306e+01
1.664529e+01
1.676089e+01
1.687741e+01
1.700046e+01
1.712357e+01
1.867531e+01
1.877896e+01
1.888116e+01
1.898209e+01
1.906635e+01
1.915039e+01
1.924549e+01
1.934573e+01
1.944220e+01
1.952993e+01
1.961756e+01
2.039789e+01
2.042341e+01
2.044634e+01
2.046751e+01
2.048263e+01
2.049775e+01
2.051524e+01
2.053319e+01
2.055029e+01
2.056636e+01
2.058361e+01
2.061639e+01
2.064921e+01
2.066935e+01
2.068370e+01
2.069756e+01
2.071028e+01


# amp_full
5.199229e-10
5.769246e-10
4.919507e-10
5.218888e-10
4.717211e-10
4.734028e-10
5.640263e-10
5.063802e-10
4.573850e-10
5.270471e-10
4.712358e-10
3.300546e-10
4.362132e-10
3.592765e-10
3.989993e-10
4.386369e-10
4.044668e-10
3.680720e-10
3.128952e-10
3.076674e-10
3.535429e-10
3.000000e-10
2.744575e-10
3.077560e-10
3.241198e-10
3.060749e-10
2.670128e-10
2.289459e-10
2.625907e-10
3.111181e-10
2.964436e-10
2.983391e-10
3.377771e-10
2.845647e-10
2.927035e-10
2.431408e-10
2.635023e-10
2.006169e-10
2.446819e-10
2.584512e-10
2.003719e-10
2.442623e-10
2.396200e-10
2.340643e-10
2.381518e-10
2.185503e-10
1.850815e-10
2.524409e-10
2.326453e-10
2.322594e-10
2.443388e-10
2.385002e-10
2.604557e-10
2.554770e-10
3.134214e-10
3.533828e-10
2.510617e-10
3.797366e-10
3.451161e-10
3.297963e-10
2.775741e-10
2.874389e-10
3.240809e-10
2.763845e-10
3.261475e-10
3.424620e-10
3.258018e-10
2.625933e-10
2.434700e-10
2.887007e-10
2.479538e-10
3.205046e-10
2.720813e-10
3.107573e-10
3.302744e-10
3.416271e-10
3.041799e-10
3.056404e-10
3.371179e-10
3.281003e-10
3.168302e-10
3.408437e-10
3.845059e-10
3.477638e-10
3.472596e-10
3.298734e-10
2.802574e-10
3.243693e-10
2.693950e-10
2.798288e-10
2.482899e-10
3.336479e-10
3.298887e-10
2.788169e-10
2.866763e-10
2.508871e-10
2.655625e-10
2.480963e-10
3.874825e-10
3.437630e-10
3.477398e-10
3.627932e-10
4.081047e-10
3.874851e-10
3.388328e-10
4.096413e-10
4.077850e-10
4.394393e-10
4.244989e-10
5.973566e-10
5.931077e-10
5.844861e-10
6.808790e-10
6.823614e-10
6.699204e-10
6.623828e-10
7.496076e-10
7.620485e-10
6.977710e-10
6.730073e-10
8.645969e-10
8.964789e-10
8.646565e-10
8.790868e-10
9.047891e-10
9.089896e-10
9.152394e-10
8.809238e-10
8.779035e-10
8.307452e-10
9.523974e-10
1.111944e-09
1.125675e-09
1.078177e-09
1.067670e-09
1.105454e-09
1.111205e-09
1.066764e-09
1.181154e-09
1.288654e-09
1.233186e-09
1.297700e-09
1.801017e-09
1.861135e-09
1.874907e-09
1.991077e-09
1.991133e-09
2.061187e-09
2.021157e-09
2.135667e-09
2.153284e-09
2.238012e-09
2.269333e-09
3.001221e-09
3.051730e-09
3.052000e-09
3.086360e-09
3.226887e-09
3.275465e-09
3.351047e-09
3.500331e-09
3.395672e-09
3.545156e-09
3.741447e-09
3.722611e-09
3.788734e-09
3.752691e-09
3.802959e-09
3.719667e-09
3.810567e-09
3.735885e-09
3.746884e-09
3.773217e-09
3.862680e-09
3.636190e-09
3.541452e-09
3.597482e-09
3.498711e-09
3.558676e-09
3.545914e-09
3.546852e-09
3.370863e-09
3.396054e-09
3.385298e-09
3.342429e-09
2.713907e-09
2.726068e-09
2.561763e-09
2.489567e-09
2.539062e-09
2.406642e-09
2.430249e-09
2.373065e-09
2.330729e-09
2.363759e-09
2.297755e-09
1.855732e-09
1.788576e-09
1.821936e-09
1.700791e-09
1.709855e-09
1.674210e-09
1.701198e-09
1.628341e-09
1.493671e-09
1.561729e-09
1.444560e-09
1.266631e-09
1.237368e-09
1.180821e-09
1.215539e-09
1.241812e-09
1.225696e-09
1.217575e-09
1.240866e-09
1.231785e-09
1.258462e-09
1.092743e-09
3.760110e-10
3.170066e-10
3.911112e-10
3.395120e-10
4.120306e-10
3.528277e-10
3.348179e-10
3.239142e-10
3.017238e-10
2.901830e-10
2.602599e-10
5.241908e-10
5.583788e-10
4.769193e-10
4.351256e-10
4.155471e-10
4.204514e-10
3.482492e-10
3.435797e-10
3.280420e-10
4.328816e-10
3.782126e-10
1.695553e-10
1.883331e-10
1.438133e-10
1.877618e-10
1.561341e-10
1.304332e-10
1.199883e-10
1.542526e-10
1.104555e-10
1.095872e-10
1.145243e-10
1.782129e-10
1.646822e-10
1.566576e-10
2.158721e-10
1.664849e-10
1.816945e-10
2.222780e-10
2.088065e-10
2.006268e-10
1.405210e-10
1.438669e-10
2.935495e-10
3.311447e-10
2.856370e-10
3.016395e-10
2.439274e-10
2.655800e-10
2.993121e-10
3.366805e-10
3.784712e-10
3.151124e-10
3.049873e-10
2.669450e-10
3.192041e-10
3.894361e-10
3.725407e-10
3.453006e-10
3.392195e-10
3.991475e-10
4.298965e-10
4.307955e-10
4.197101e-10
3.482419e-10
3.730391e-10
4.159004e-10
3.705008e-10
3.526281e-10
3.803553e-10
4.049447e-10
3.824164e-10
4.136193e-10
3.600803e-10
4.518318e-10
4.832324e-10
3.953179e-10
3.803997e-10
3.598812e-10
3.685706e-10
3.939566e-10
4.349508e-10
4.157366e-10
3.045286e-10
4.035194e-10
3.203064e-10
3.772681e-10
3.593158e-10
4.320457e-10
3.722087e-10
3.395523e-10
3.182442e-10
4.108049e-10
3.736537e-10
3.651432e-10
4.081152e-10
3.952733e-10
3.296301e-10
5.904338e-10
6.140421e-10
6.615328e-10
6.710891e-10
6.727242e-10
5.872840e-10
6.662372e-10
6.743262e-10
6.605524e-10
6.124482e-10
6.638906e-10
7.799087e-10
8.149315e-10
9.055254e-10
8.360643e-10
8.377068e-10
9.064491e-10
9.973915e-10
9.919921e-10
9.169660e-10
1.030844e-09
1.051141e-09
1.331280e-09
1.321258e-09
1.328678e-09
1.306388e-09
1.376539e-09
1.261380e-09
1.425892e-09
1.469420e-09
1.422868e-09
1.475158e-09
1.522217e-09
2.024831e-09
2.028240e-09
2.068991e-09
2.100423e-09
2.121696e-09
2.106929e-09
2.114273e-09
2.210157e-09
2.199308e-09
2.284707e-09
2.305697e-09
3.093261e-09
3.108233e-09
3.043847e-09
3.112243e-09
3.097877e-09
3.146403e-09
3.214697e-09
3.325363e-09
3.157336e-09
3.314417e-09
3.740673e-09
3.662638e-09
3.733726e-09
3.719729e-09
3.759938e-09
3.791659e-09
3.882457e-09
3.815066e-09
3.889705e-09
3.881662e-09
3.948745e-09
3.830535e-09
3.814141e-09
3.880628e-09
3.719104e-09
3.751122e-09
3.687470e-09
3.673486e-09
3.667268e-09
3.579669e-09
3.571502e-09
3.643852e-09
2.971120e-09
2.880524e-09
2.803039e-09
2.797764e-09
2.778679e-09
2.686952e-09
2.680183e-09
2.637650e-09
2.587195e-09
2.586280e-09
2.507203e-09
1.782101e-09
1.795695e-09
1.725060e-09
1.666748e-09
1.631686e-09
1.462521e-09
1.502955e-09
1.458105e-09
1.382813e-09
1.431777e-09
1.373980e-09
1.095594e-09
9.978288e-10
1.074431e-09
9.878627e-10
1.069343e-09
1.066532e-09
1.065201e-09
1.073326e-09
1.009031e-09
1.090329e-09
1.036501e-09
9.120086e-10
9.064188e-10
9.118425e-10
8.990994e-10
8.478588e-10
8.660855e-10
8.566965e-10
8.364840e-10
7.988987e-10
7.394900e-10
8.318642e-10
6.652516e-10
6.455386e-10
6.669612e-10
6.516498e-10
6.810054e-10
5.904168e-10
6.132876e-10
5.780378e-10
5.544383e-10
5.940627e-10
5.258194e-10
2.909009e-10
3.341825e-10
3.318927e-10
2.220601e-10
2.801899e-10
3.357140e-10
2.450582e-10
2.135022e-10
2.353091e-10
3.281073e-10
2.518074e-10
2.695689e-10
2.595351e-10
2.853618e-10
2.978095e-10
3.252654e-10
2.240721e-10
2.413070e-10
2.699490e-10
2.537359e-10
2.737164e-10
1.910896e-10
1.951198e-10
1.203889e-10
1.203889e-10
1.203889e-10
1.203889e-10
1.203889e-10


# phase_full
9.162514e+01
1.005730e+02
1.173331e+02
1.305644e+02
1.389193e+02
1.584019e+02
1.703590e+02
-1.650105e+02
-1.611658e+02
-1.401249e+02
-1.287092e+02
5.339539e+01
7.243659e+01
8.205061e+01
1.014821e+02
1.236646e+02
1.254737e+02
1.397244e+02
1.575006e+02
1.770220e+02
-1.736347e+02
-1.570604e+02
5.308699e+01
7.969447e+01
1.043957e+02
1.348579e+02
1.476104e+02
1.635790e+02
1.656381e+02
-1.636774e+02
-1.634789e+02
-1.529490e+02
-1.285362e+02
1.040705e+02
1.310178e+02
1.409708e+02
1.469750e+02
-1.724404e+02
-1.695057e+02
-1.597580e+02
-1.241454e+02
-1.315040e+02
-1.109780e+02
-8.035983e+01
6.316387e+01
8.521927e+01
9.822413e+01
1.113888e+02
1.085829e+02
1.157950e+02
1.398683e+02
1.368526e+02
1.587942e+02
1.627427e+02
1.629023e+02
-6.249753e+01
-7.139813e+01
-5.279732e+01
-4.766773e+01
-3.564278e+01
-2.869687e+01
-2.554511e+01
-1.588020e+01
-1.089685e+01
-2.809141e+00
1.402910e+00
1.000534e+02
1.359432e+02
1.185693e+02
1.395490e+02
1.437123e+02
1.539071e+02
1.549327e+02
1.626873e+02
-1.727799e+02
-1.795359e+02
-1.680492e+02
-5.625195e+01
-4.426535e+01
-3.472435e+01
-3.926523e+01
-1.829882e+01
-9.528090e+00
-7.115732e+00
8.874137e+00
7.894728e+00
1.409973e+01
4.304960e+01
1.686556e+02
1.650920e+02
1.623668e+02
-1.772825e+02
-1.688758e+02
-1.635731e+02
-1.485153e+02
-1.661216e+02
-1.481070e+02
-1.272877e+02
1.778681e+02
1.654211e+02
1.410649e+02
1.449294e+02
1.309126e+02
1.301489e+02
1.150000e+02
1.124097e+02
1.043501e+02
9.621055e+01
8.932544e+01
-2.099143e+01
-2.818726e+01
-3.482319e+01
-5.222988e+01
-5.623972e+01
-6.499122e+01
-6.826427e+01
-7.665518e+01
-7.750117e+01
-8.775087e+01
-9.513713e+01
1.455652e+02
1.380514e+02
1.315415e+02
1.244793e+02
1.224343e+02
1.167246e+02
1.093851e+02
1.086116e+02
1.054518e+02
1.024173e+02
9.890390e+01
8.230030e+01
8.185146e+01
8.475788e+01
8.325740e+01
8.906018e+01
8.584140e+01
8.888853e+01
8.659801e+01
9.178343e+01
9.018998e+01
9.424374e+01
1.476588e+02
1.547310e+02
1.575472e+02
1.649580e+02
1.694229e+02
1.748530e+02
-1.770681e+02
-1.728287e+02
-1.669375e+02
-1.593047e+02
-1.538290e+02
-4.506914e+01
-3.598228e+01
-2.702105e+01
-1.616436e+01
-5.319385e+00
5.481191e+00
1.557843e+01
2.594432e+01
3.732303e+01
4.759506e+01
-1.500627e+02
-1.387750e+02
-1.255605e+02
-1.134227e+02
-1.013097e+02
-8.609257e+01
-7.457745e+01
-6.045429e+01
-4.730328e+01
-3.527302e+01
-2.084265e+01
-1.583718e+02
-1.404970e+02
-1.224393e+02
-1.053650e+02
-8.738768e+01
-6.875492e+01
-5.151619e+01
-3.265512e+01
-1.324814e+01
5.978600e+00
2.485530e+01
-4.631344e+01
-2.186734e+01
-1.336816e+00
2.143443e+01
4.280617e+01
6.486561e+01
8.871745e+01
1.109668e+02
1.335266e+02
1.551451e+02
1.794181e+02
1.585957e+02
-1.754424e+02
-1.501750e+02
-1.256891e+02
-1.000482e+02
-7.524895e+01
-4.904609e+01
-2.423828e+01
1.405448e+00
2.927331e+01
5.397708e+01
9.423936e+01
1.232249e+02
1.539593e+02
-1.768347e+02
-1.460039e+02
-1.155625e+02
-8.810075e+01
-5.542498e+01
-2.717594e+01
5.727995e+00
3.527535e+01
1.467690e+02
-1.756437e+02
-1.320551e+02
-1.149158e+02
-7.622703e+01
-4.257101e+01
-1.886409e+01
1.988136e+01
6.733489e+01
1.019689e+02
1.436484e+02
-1.122667e+02
-7.309576e+01
-3.933479e+01
5.438612e-03
3.207722e+01
6.555232e+01
1.016804e+02
1.494119e+02
-1.668789e+02
-1.387601e+02
-1.147039e+02
-8.685811e+01
-4.284931e+01
-4.548870e+01
-1.122589e+01
-2.159032e+01
-4.777202e+00
8.252827e+00
5.857843e+01
7.076556e+01
8.078264e+01
1.210701e+02
-7.105275e+01
-6.276016e+01
-3.070987e+01
-3.256200e+01
-2.383693e+01
-1.964594e+01
-4.230496e+00
-3.322536e+00
1.949434e+01
3.117170e+01
4.513958e+01
-1.637988e+02
-1.560469e+02
-1.514894e+02
-1.346782e+02
-1.181141e+02
-9.104260e+01
-8.771445e+01
-7.564497e+01
-6.248696e+01
-5.759101e+01
-4.175017e+01
1.199329e+02
1.238155e+02
1.381641e+02
1.566496e+02
1.580650e+02
1.766565e+02
-1.752693e+02
-1.592771e+02
-1.521844e+02
-1.439996e+02
-1.213693e+02
5.314660e+01
6.014290e+01
8.711814e+01
9.599039e+01
1.031625e+02
1.225635e+02
1.315323e+02
1.541335e+02
1.744379e+02
1.787796e+02
-1.627421e+02
2.954069e+01
3.387124e+01
5.442563e+01
7.918116e+01
9.851918e+01
1.034253e+02
1.287407e+02
1.433710e+02
1.611719e+02
1.770804e+02
-1.704273e+02
5.212502e+01
6.248203e+01
8.204613e+01
8.872449e+01
1.069863e+02
1.230270e+02
1.421661e+02
1.566567e+02
1.605822e+02
1.654454e+02
-1.672820e+02
-1.382496e+02
-1.355178e+02
-1.430092e+02
-1.474709e+02
-1.513909e+02
-1.577369e+02
-1.584116e+02
-1.635364e+02
-1.692648e+02
1.792620e+02
1.773863e+02
1.171174e+02
1.164910e+02
1.106090e+02
1.054691e+02
9.058477e+01
8.564374e+01
7.883246e+01
7.384390e+01
6.347996e+01
5.804012e+01
4.884902e+01
-4.725052e+01
-5.270060e+01
-5.762552e+01
-5.755048e+01
-6.364945e+01
-6.683245e+01
-6.684151e+01
-6.955196e+01
-7.238871e+01
-7.306581e+01
-7.949256e+01
-1.051194e+02
-1.047649e+02
-1.041608e+02
-1.041141e+02
-1.023683e+02
-1.053540e+02
-1.043292e+02
-1.031821e+02
-1.027028e+02
-1.019409e+02
-1.034062e+02
-7.335755e+01
-7.007745e+01
-6.648739e+01
-6.359919e+01
-5.911301e+01
-5.298735e+01
-4.628166e+01
-3.879640e+01
-3.187644e+01
-2.420629e+01
6.526096e+01
7.038768e+01
7.617789e+01
8.240128e+01
8.771533e+01
9.372930e+01
9.922112e+01
1.043129e+02
1.114423e+02
1.176511e+02
1.224522e+02
-1.172726e+02
-1.071387e+02
-9.714915e+01
-8.880048e+01
-7.938937e+01
-6.927037e+01
-6.005736e+01
-4.875525e+01
-3.863224e+01
-2.764284e+01
-1.734066e+01
1.411915e+02
1.551242e+02
1.698386e+02
-1.776538e+02
-1.649923e+02
-1.524821e+02
-1.379995e+02
-1.249296e+02
-1.106037e+02
-9.512633e+01
-8.503373e+01
1.201894e+02
1.342862e+02
1.467715e+02
1.587362e+02
1.703724e+02
-1.776936e+02
-1.635491e+02
-1.510151e+02
-1.358858e+02
-1.221583e+02
-1.045781e+02
1.265290e+02
1.472170e+02
1.624524e+02
-1.796143e+02
-1.603529e+02
-1.413516e+02
-1.258848e+02
-1.042870e+02
-8.494401e+01
-6.587686e+01
-4.691830e+01
-8.363746e+01
-5.912132e+01
-3.942709e+01
-8.030345e+00
1.437675e+01
3.531279e+01
6.044528e+01
8.712728e+01
1.115126e+02
1.352308e+02
1.562082e+02
1.073122e+02
1.299647e+02
1.568247e+02
1.728016e+02
-1.683943e+02
-1.366044e+02
-1.217023e+02
-1.035249e+02
-7.650310e+01
-5.819181e+01
-3.146391e+01
3.335369e-01
2.004300e+01
6.480305e+01
1.054140e+02
1.339130e+02
1.534507e+02
-1.795268e+02
-1.396764e+02
-1.083650e+02
-7.768007e+01
-5.219590e+01
-9.487810e+01
-7.793900e+01
-6.183629e+01
-6.522985e+01
-6.147257e+01
-6.831038e+01
-5.630721e+01
-3.339101e+01
-5.369903e+01
-3.426317e+01
-2.698043e+01
-4.239199e+01
-7.058286e+01
-7.058286e+01
-7.058286e+01
-7.058286e+01
-7.058286e+01


# amp1
3.416271e-10
3.041799e-10
3.056404e-10
3.371179e-10
3.281003e-10
3.168302e-10
3.408437e-10
3.845059e-10
3.477638e-10
3.472596e-10
3.298734e-10
2.802574e-10
3.243693e-10
2.693950e-10
2.798288e-10
2.482899e-10
3.336479e-10
3.298887e-10
2.788169e-10
2.866763e-10
2.508871e-10
2.655625e-10
2.480963e-10
3.874825e-10
3.437630e-10
3.477398e-10
3.627932e-10
4.081047e-10
3.874851e-10
3.388328e-10
4.096413e-10
4.077850e-10
4.394393e-10
4.244989e-10
5.973566e-10
5.931077e-10
5.844861e-10
6.808790e-10
6.823614e-10
6.699204e-10
6.623828e-10
7.496076e-10
7.620485e-10
6.977710e-10
6.730073e-10
8.645969e-10
8.964789e-10
8.646565e-10
8.790868e-10
9.047891e-10
9.089896e-10
9.152394e-10
8.809238e-10
8.779035e-10
8.307452e-10
9.523974e-10
1.111944e-09
1.125675e-09
1.078177e-09
1.067670e-09
1.105454e-09
1.111205e-09
1.066764e-09
1.181154e-09
1.288654e-09
1.233186e-09
1.297700e-09
1.801017e-09
1.861135e-09
1.874907e-09
1.991077e-09
1.991133e-09
2.061187e-09
2.021157e-09
2.135667e-09
2.153284e-09
2.238012e-09
2.269333e-09
3.001221e-09
3.051730e-09
3.052000e-09
3.086360e-09
3.226887e-09
3.275465e-09
3.351047e-09
3.500331e-09
3.395672e-09
3.545156e-09
3.741447e-09
3.722611e-09
3.788734e-09
3.752691e-09
3.802959e-09
3.719667e-09
3.810567e-09
3.735885e-09
3.746884e-09
3.773217e-09
3.862680e-09
3.636190e-09
3.541452e-09
3.597482e-09
3.498711e-09
3.558676e-09
3.545914e-09
3.546852e-09
3.370863e-09
3.396054e-09
3.385298e-09
3.342429e-09
2.713907e-09
2.726068e-09
2.561763e-09
2.489567e-09
2.539062e-09
2.406642e-09
2.430249e-09
2.373065e-09
2.330729e-09
2.363759e-09
2.297755e-09
1.855732e-09
1.788576e-09
1.821936e-09
1.700791e-09
1.709855e-09
1.674210e-09
1.701198e-09
1.628341e-09
1.493671e-09
1.561729e-09
1.444560e-09
1.266631e-09
1.237368e-09
1.180821e-09
1.215539e-09
1.241812e-09
1.225696e-09
1.217575e-09
1.240866e-09
1.231785e-09
1.258462e-09
1.092743e-09
3.760110e-10
3.170066e-10
3.911112e-10
3.395120e-10
4.120306e-10
3.528277e-10
3.348179e-10
3.239142e-10
3.017238e-10
2.901830e-10
2.602599e-10
5.241908e-10
5.583788e-10
4.769193e-10
4.351256e-10
4.155471e-10
4.204514e-10
3.482492e-10
3.435797e-10
3.280420e-10
4.328816e-10
3.782126e-10
1.695553e-10
1.883331e-10
1.438133e-10
1.877618e-10
1.561341e-10
1.304332e-10
1.199883e-10
1.542526e-10
1.104555e-10
1.095872e-10


# phase1
-1.795359e+02
-1.680492e+02
-5.625195e+01
-4.426535e+01
-3.472435e+01
-3.926523e+01
-1.829882e+01
-9.528090e+00
-7.115732e+00
8.874137e+00
7.894728e+00
1.409973e+01
4.304960e+01
1.686556e+02
1.650920e+02
1.623668e+02
-1.772825e+02
-1.688758e+02
-1.635731e+02
-1.485153e+02
-1.661216e+02
-1.481070e+02
-1.272877e+02
1.778681e+02
1.654211e+02
1.410649e+02
1.449294e+02
1.309126e+02
1.301489e+02
1.150000e+02
1.124097e+02
1.043501e+02
9.621055e+01
8.932544e+01
-2.099143e+01
-2.818726e+01
-3.482319e+01
-5.222988e+01
-5.623972e+01
-6.499122e+01
-6.826427e+01
-7.665518e+01
-7.750117e+01
-8.775087e+01
-9.513713e+01
1.455652e+02
1.380514e+02
1.315415e+02
1.244793e+02
1.224343e+02
1.167246e+02
1.093851e+02
1.086116e+02
1.054518e+02
1.024173e+02
9.890390e+01
8.230030e+01
8.185146e+01
8.475788e+01
8.325740e+01
8.906018e+01
8.584140e+01
8.888853e+01
8.659801e+01
9.178343e+01
9.018998e+01
9.424374e+01
1.476588e+02
1.547310e+02
1.575472e+02
1.649580e+02
1.694229e+02
1.748530e+02
-1.770681e+02
-1.728287e+02
-1.669375e+02
-1.593047e+02
-1.538290e+02
-4.506914e+01
-3.598228e+01
-2.702105e+01
-1.616436e+01
-5.319385e+00
5.481191e+00
1.557843e+01
2.594432e+01
3.732303e+01
4.759506e+01
-1.500627e+02
-1.387750e+02
-1.255605e+02
-1.134227e+02
-1.013097e+02
-8.609257e+01
-7.457745e+01
-6.045429e+01
-4.730328e+01
-3.527302e+01
-2.084265e+01
-1.583718e+02
-1.404970e+02
-1.224393e+02
-1.053650e+02
-8.738768e+01
-6.875492e+01
-5.151619e+01
-3.265512e+01
-1.324814e+01
5.978600e+00
2.485530e+01
-4.631344e+01
-2.186734e+01
-1.336816e+00
2.143443e+01
4.280617e+01
6.486561e+01
8.871745e+01
1.109668e+02
1.335266e+02
1.551451e+02
1.794181e+02
1.585957e+02
-1.754424e+02
-1.501750e+02
-1.256891e+02
-1.000482e+02
-7.524895e+01
-4.904609e+01
-2.423828e+01
1.405448e+00
2.927331e+01
5.397708e+01
9.423936e+01
1.232249e+02
1.539593e+02
-1.768347e+02
-1.460039e+02
-1.155625e+02
-8.810075e+01
-5.542498e+01
-2.717594e+01
5.727995e+00
3.527535e+01
1.467690e+02
-1.756437e+02
-1.320551e+02
-1.149158e+02
-7.622703e+01
-4.257101e+01
-1.886409e+01
1.988136e+01
6.733489e+01
1.019689e+02
1.436484e+02
-1.122667e+02
-7.309576e+01
-3.933479e+01
5.438612e-03
3.207722e+01
6.555232e+01
1.016804e+02
1.494119e+02
-1.668789e+02
-1.387601e+02
-1.147039e+02
-8.685811e+01
-4.284931e+01
-4.548870e+01
-1.122589e+01
-2.159032e+01
-4.777202e+00
8.252827e+00
5.857843e+01
7.076556e+01
8.078264e+01


# amp2
3.182442e-10
4.108049e-10
3.736537e-10
3.651432e-10
4.081152e-10
3.952733e-10
3.296301e-10
5.904338e-10
6.140421e-10
6.615328e-10
6.710891e-10
6.727242e-10
5.872840e-10
6.662372e-10
6.743262e-10
6.605524e-10
6.124482e-10
6.638906e-10
7.799087e-10
8.149315e-10
9.055254e-10
8.360643e-10
8.377068e-10
9.064491e-10
9.973915e-10
9.919921e-10
9.169660e-10
1.030844e-09
1.051141e-09
1.331280e-09
1.321258e-09
1.328678e-09
1.306388e-09
1.376539e-09
1.261380e-09
1.425892e-09
1.469420e-09
1.422868e-09
1.475158e-09
1.522217e-09
2.024831e-09
2.028240e-09
2.068991e-09
2.100423e-09
2.121696e-09
2.106929e-09
2.114273e-09
2.210157e-09
2.199308e-09
2.284707e-09
2.305697e-09
3.093261e-09
3.108233e-09
3.043847e-09
3.112243e-09
3.097877e-09
3.146403e-09
3.214697e-09
3.325363e-09
3.157336e-09
3.314417e-09
3.740673e-09
3.662638e-09
3.733726e-09
3.719729e-09
3.759938e-09
3.791659e-09
3.882457e-09
3.815066e-09
3.889705e-09
3.881662e-09
3.948745e-09
3.830535e-09
3.814141e-09
3.880628e-09
3.719104e-09
3.751122e-09
3.687470e-09
3.673486e-09
3.667268e-09
3.579669e-09
3.571502e-09
3.643852e-09
2.971120e-09
2.880524e-09
2.803039e-09
2.797764e-09
2.778679e-09
2.686952e-09
2.680183e-09
2.637650e-09
2.587195e-09
2.586280e-09
2.507203e-09
1.782101e-09
1.795695e-09
1.725060e-09
1.666748e-09
1.631686e-09
1.462521e-09
1.502955e-09
1.458105e-09
1.382813e-09
1.431777e-09
1.373980e-09
1.095594e-09
9.978288e-10
1.074431e-09
9.878627e-10
1.069343e-09
1.066532e-09
1.065201e-09
1.073326e-09
1.009031e-09
1.090329e-09
1.036501e-09
9.120086e-10
9.064188e-10
9.118425e-10
8.990994e-10
8.478588e-10
8.660855e-10
8.566965e-10
8.364840e-10
7.988987e-10
7.394900e-10
8.318642e-10
6.652516e-10
6.455386e-10
6.669612e-10
6.516498e-10
6.810054e-10
5.904168e-10
6.132876e-10
5.780378e-10
5.544383e-10
5.940627e-10
5.258194e-10
2.909009e-10
3.341825e-10
3.318927e-10
2.220601e-10
2.801899e-10
3.357140e-10
2.450582e-10
2.135022e-10
2.353091e-10
3.281073e-10
2.518074e-10
2.695689e-10
2.595351e-10
2.853618e-10
2.978095e-10
3.252654e-10
2.240721e-10
2.413070e-10
2.699490e-10
2.537359e-10
2.737164e-10
1.910896e-10
1.951198e-10
1.203889e-10
1.203889e-10
1.203889e-10
1.203889e-10
1.203889e-10


# phase2
1.069863e+02
1.230270e+02
1.421661e+02
1.566567e+02
1.605822e+02
1.654454e+02
-1.672820e+02
-1.382496e+02
-1.355178e+02
-1.430092e+02
-1.474709e+02
-1.513909e+02
-1.577369e+02
-1.584116e+02
-1.635364e+02
-1.692648e+02
1.792620e+02
1.773863e+02
1.171174e+02
1.164910e+02
1.106090e+02
1.054691e+02
9.058477e+01
8.564374e+01
7.883246e+01
7.384390e+01
6.347996e+01
5.804012e+01
4.884902e+01
-4.725052e+01
-5.270060e+01
-5.762552e+01
-5.755048e+01
-6.364945e+01
-6.683245e+01
-6.684151e+01
-6.955196e+01
-7.238871e+01
-7.306581e+01
-7.949256e+01
-1.051194e+02
-1.047649e+02
-1.041608e+02
-1.041141e+02
-1.023683e+02
-1.053540e+02
-1.043292e+02
-1.031821e+02
-1.027028e+02
-1.019409e+02
-1.034062e+02
-7.335755e+01
-7.007745e+01
-6.648739e+01
-6.359919e+01
-5.911301e+01
-5.298735e+01
-4.628166e+01
-3.879640e+01
-3.187644e+01
-2.420629e+01
6.526096e+01
7.038768e+01
7.617789e+01
8.240128e+01
8.771533e+01
9.372930e+01
9.922112e+01
1.043129e+02
1.114423e+02
1.176511e+02
1.224522e+02
-1.172726e+02
-1.071387e+02
-9.714915e+01
-8.880048e+01
-7.938937e+01
-6.927037e+01
-6.005736e+01
-4.875525e+01
-3.863224e+01
-2.764284e+01
-1.734066e+01
1.411915e+02
1.551242e+02
1.698386e+02
-1.776538e+02
-1.649923e+02
-1.524821e+02
-1.379995e+02
-1.249296e+02
-1.106037e+02
-9.512633e+01
-8.503373e+01
1.201894e+02
1.342862e+02
1.467715e+02
1.587362e+02
1.703724e+02
-1.776936e+02
-1.635491e+02
-1.510151e+02
-1.358858e+02
-1.221583e+02
-1.045781e+02
1.265290e+02
1.472170e+02
1.624524e+02
-1.796143e+02
-1.603529e+02
-1.413516e+02
-1.258848e+02
-1.042870e+02
-8.494401e+01
-6.587686e+01
-4.691830e+01
-8.363746e+01
-5.912132e+01
-3.942709e+01
-8.030345e+00
1.437675e+01
3.531279e+01
6.044528e+01
8.712728e+01
1.115126e+02
1.352308e+02
1.562082e+02
1.073122e+02
1.299647e+02
1.568247e+02
1.728016e+02
-1.683943e+02
-1.366044e+02
-1.217023e+02
-1.035249e+02
-7.650310e+01
-5.819181e+01
-3.146391e+01
3.335369e-01
2.004300e+01
6.480305e+01
1.054140e+02
1.339130e+02
1.534507e+02
-1.795268e+02
-1.396764e+02
-1.083650e+02
-7.768007e+01
-5.219590e+01
-9.487810e+01
-7.793900e+01
-6.183629e+01
-6.522985e+01
-6.147257e+01
-6.831038e+01
-5.630721e+01
-3.339101e+01
-5.369903e+01
-3.426317e+01
-2.698043e+01
-4.239199e+01
-7.058286e+01
-7.058286e+01
-7.058286e+01
-7.058286e+01
-7.058286e+01


