# x
1.491022e-01
1.469500e-01
1.452052e-01
1.433653e-01
1.411023e-01
1.388393e-01
1.365981e-01
1.005213e-01
9.715610e-02
9.381493e-02
9.066749e-02
8.752008e-02
8.494860e-02
8.259454e-02
8.090002e-02
8.047569e-02
8.005136e-02
7.871331e-02
6.392689e-02
6.320413e-02
6.233125e-02
6.104897e-02
5.976668e-02
5.914261e-02
5.860482e-02
5.927184e-02
6.114410e-02
6.273296e-02
6.215652e-02
2.040196e-02
1.783489e-02
1.488524e-02
1.142106e-02
7.955016e-03
4.447455e-03
9.399132e-04
-3.195707e-03
-7.657679e-03
-1.208260e-02
-1.640938e-02
-7.319751e-02
-7.628746e-02
-7.850439e-02
-8.010094e-02
-8.205661e-02
-8.544518e-02
-8.883377e-02
-9.183958e-02
-9.475917e-02
-9.604322e-02
-9.517694e-02
-2.671596e-02
-1.903730e-02
-9.497922e-03
6.859954e-04
1.026566e-02
1.876423e-02
2.726284e-02
3.626147e-02
4.527320e-02
5.373918e-02
6.182611e-02
1.466217e-01
1.501021e-01
1.533264e-01
1.565225e-01
1.597929e-01
1.631327e-01
1.662888e-01
1.682422e-01
1.701956e-01
1.713084e-01
1.721386e-01
1.393225e-01
1.338540e-01
1.283430e-01
1.221551e-01
1.159672e-01
1.114582e-01
1.077584e-01
1.032678e-01
9.684728e-02
9.042671e-02
8.381450e-02
-1.062322e-02
-1.621529e-02
-2.171077e-02
-2.685847e-02
-3.200614e-02
-3.642917e-02
-4.070688e-02
-4.407059e-02
-4.631170e-02
-4.866619e-02
-5.266257e-02
-9.620753e-02
-9.660923e-02
-9.693948e-02
-9.715080e-02
-9.736211e-02
-9.759030e-02
-9.781864e-02
-9.693462e-02
-9.533015e-02
-9.418721e-02
-9.465479e-02
-4.655227e-02
-3.697274e-02
-2.824434e-02
-2.026016e-02
-1.266150e-02
-7.259225e-03
-1.856985e-03
1.952916e-03
5.273823e-03
7.977281e-03
9.677097e-03
-1.666411e-02
-1.840748e-02
-1.863299e-02
-1.818153e-02
-1.803261e-02
-1.856539e-02
-1.909818e-02
-2.009972e-02
-2.114025e-02
-2.121220e-02
-2.045578e-02
-2.888782e-02
-2.939206e-02
-2.956350e-02
-2.967606e-02
-3.018723e-02
-3.115608e-02
-3.216766e-02
-3.366196e-02
-3.515626e-02
-3.671264e-02
-3.829598e-02
-4.649385e-02
-4.593206e-02
-4.593236e-02
-4.593267e-02
-4.595551e-02
-4.599197e-02
-4.642441e-02
-4.811429e-02
-4.980419e-02
-5.171825e-02
-7.522404e-02
-7.773903e-02
-8.024339e-02
-8.269421e-02
-8.514502e-02
-8.558231e-02
-8.545762e-02
-8.543539e-02
-8.556839e-02
-8.568956e-02
-8.494326e-02
-7.299614e-02
-7.386432e-02
-7.479632e-02
-7.586139e-02
-7.692646e-02
-7.785316e-02
-7.877101e-02
-7.929987e-02
-7.951780e-02
-7.960295e-02
-7.904713e-02
-4.286700e-02
-3.989422e-02
-3.752058e-02
-3.579013e-02
-3.407234e-02
-3.247098e-02
-3.086962e-02
-2.807750e-02
-2.480817e-02
-2.194233e-02
-1.989666e-02
2.293752e-02
2.683427e-02
2.986093e-02
3.239908e-02
3.477490e-02
3.667950e-02
3.858411e-02
3.975722e-02
4.082299e-02
4.170349e-02
4.238951e-02
8.740692e-03
5.618185e-03
3.515600e-03
1.670274e-03
-3.053573e-04
-2.465130e-03
-4.617078e-03
-6.517186e-03
-8.417283e-03
-9.169439e-03
-9.292523e-03
-1.995921e-02
-2.051883e-02
-1.963055e-02
-1.867674e-02
-1.799390e-02
-1.751340e-02
-1.691818e-02
-1.582857e-02
-1.473896e-02
-1.316173e-02
1.894234e-02
1.880234e-02
1.859046e-02
1.782462e-02
1.705879e-02
1.631250e-02
1.557341e-02
1.409858e-02
1.123597e-02
8.373342e-03
4.781765e-03
-5.356134e-02
-5.886022e-02
-6.424826e-02
-6.987366e-02
-7.549904e-02
-7.973914e-02
-8.380593e-02
-8.828518e-02
-9.316939e-02
-9.796903e-02
-1.021510e-01
-1.502626e-01
-1.543573e-01
-1.581503e-01
-1.615452e-01
-1.648554e-01
-1.664458e-01
-1.680361e-01
-1.678843e-01
-1.668459e-01
-1.654365e-01
-1.630660e-01
-7.104573e-02
-6.266248e-02
-5.569244e-02
-4.970745e-02
-4.406335e-02
-3.974068e-02
-3.541804e-02
-3.107481e-02
-2.672709e-02
-2.333489e-02
-2.117511e-02
-7.228402e-04
1.506241e-03
2.547939e-03
3.188387e-03
3.838545e-03
4.505726e-03
5.172904e-03
5.296210e-03
5.407874e-03
5.447454e-03
5.437940e-03
-1.520333e-02
-1.845341e-02
-2.218758e-02
-2.597226e-02
-3.026592e-02
-3.502680e-02
-3.982782e-02
-4.488117e-02
-4.993449e-02
-5.497433e-02
-6.000975e-02
-1.168376e-01
-1.188173e-01
-1.207867e-01
-1.226042e-01
-1.244216e-01
-1.270876e-01
-1.301537e-01
-1.334673e-01
-1.373717e-01
-1.412760e-01
-1.458168e-01
-1.977599e-01
-1.956594e-01
-1.932624e-01
-1.898258e-01
-1.863893e-01
-1.821795e-01
-1.778199e-01
-1.735491e-01
-1.693853e-01
-1.651139e-01
-1.593982e-01
-3.407816e-02
-2.811732e-02
-2.191827e-02
-1.533056e-02
-8.742900e-03
-3.967224e-04
7.956863e-03
1.648718e-02
2.512981e-02
3.365229e-02
4.176664e-02
1.282218e-01
1.319925e-01
1.355724e-01
1.389884e-01
1.422104e-01
1.443663e-01
1.465222e-01
1.487073e-01
1.509013e-01
1.520003e-01
1.513545e-01
1.305717e-01
1.287132e-01
1.267332e-01
1.247001e-01
1.227648e-01
1.210448e-01
1.193249e-01
1.187071e-01
1.181749e-01
1.172060e-01
1.158705e-01
1.329292e-01
1.326637e-01
1.313787e-01
1.299201e-01
1.289207e-01
1.284388e-01
1.280367e-01
1.284817e-01
1.289268e-01
1.298875e-01
1.310672e-01
1.430155e-01
1.403929e-01
1.366611e-01
1.329292e-01
1.284770e-01
1.235988e-01
1.188129e-01
1.143133e-01


# y
1.768316e+01
1.768324e+01
1.768263e+01
1.768236e+01
1.768358e+01
1.768480e+01
1.768608e+01
1.770918e+01
1.770783e+01
1.770609e+01
1.770122e+01
1.769635e+01
1.768846e+01
1.767943e+01
1.766783e+01
1.765126e+01
1.763469e+01
1.761611e+01
1.703815e+01
1.696732e+01
1.689297e+01
1.680904e+01
1.672512e+01
1.663611e+01
1.654643e+01
1.645090e+01
1.634950e+01
1.624817e+01
1.614728e+01
1.464300e+01
1.453472e+01
1.442250e+01
1.430497e+01
1.418755e+01
1.407285e+01
1.395816e+01
1.383736e+01
1.371339e+01
1.358961e+01
1.346634e+01
1.162516e+01
1.149163e+01
1.135236e+01
1.120902e+01
1.106651e+01
1.092738e+01
1.078824e+01
1.064103e+01
1.049200e+01
1.034329e+01
1.019499e+01
8.053505e+00
7.900780e+00
7.742284e+00
7.581789e+00
7.423452e+00
7.268977e+00
7.114501e+00
6.950875e+00
6.787010e+00
6.625892e+00
6.466682e+00
4.066421e+00
3.895650e+00
3.716244e+00
3.535888e+00
3.359747e+00
3.187548e+00
3.013806e+00
2.829971e+00
2.646134e+00
2.466980e+00
2.289401e+00
-1.258079e-01
-3.069069e-01
-4.885875e-01
-6.795274e-01
-8.704663e-01
-1.055523e+00
-1.237743e+00
-1.424119e+00
-1.620635e+00
-1.817152e+00
-2.008227e+00
-4.842163e+00
-5.042137e+00
-5.244476e+00
-5.455351e+00
-5.666226e+00
-5.870564e+00
-6.073592e+00
-6.281528e+00
-6.495496e+00
-6.709163e+00
-6.918493e+00
-9.993463e+00
-1.020609e+01
-1.042108e+01
-1.063999e+01
-1.085890e+01
-1.106432e+01
-1.126962e+01
-1.147527e+01
-1.168115e+01
-1.188495e+01
-1.208148e+01
-1.447456e+01
-1.459792e+01
-1.471774e+01
-1.483447e+01
-1.494866e+01
-1.504833e+01
-1.514801e+01
-1.524297e+01
-1.533648e+01
-1.542421e+01
-1.550253e+01
-1.623417e+01
-1.625575e+01
-1.627238e+01
-1.628680e+01
-1.629902e+01
-1.630629e+01
-1.631355e+01
-1.631491e+01
-1.631577e+01
-1.631433e+01
-1.631091e+01
-1.607363e+01
-1.604744e+01
-1.601872e+01
-1.598955e+01
-1.595978e+01
-1.592932e+01
-1.589856e+01
-1.586446e+01
-1.583036e+01
-1.579689e+01
-1.576368e+01
-1.530250e+01
-1.527397e+01
-1.524536e+01
-1.521676e+01
-1.518985e+01
-1.516396e+01
-1.513749e+01
-1.510915e+01
-1.508080e+01
-1.505299e+01
-1.468153e+01
-1.465963e+01
-1.463791e+01
-1.461714e+01
-1.459636e+01
-1.458004e+01
-1.456496e+01
-1.454906e+01
-1.453191e+01
-1.451479e+01
-1.449998e+01
-1.435298e+01
-1.434573e+01
-1.433862e+01
-1.433178e+01
-1.432493e+01
-1.431912e+01
-1.431337e+01
-1.430892e+01
-1.430551e+01
-1.430200e+01
-1.429804e+01
-1.427061e+01
-1.426976e+01
-1.426836e+01
-1.426637e+01
-1.426440e+01
-1.426260e+01
-1.426081e+01
-1.426017e+01
-1.426001e+01
-1.425950e+01
-1.425831e+01
-1.425826e+01
-1.426032e+01
-1.426143e+01
-1.426201e+01
-1.426263e+01
-1.426336e+01
-1.426409e+01
-1.426486e+01
-1.426563e+01
-1.426667e+01
-1.426798e+01
-1.425697e+01
-1.425089e+01
-1.424281e+01
-1.423424e+01
-1.422384e+01
-1.421088e+01
-1.419776e+01
-1.417945e+01
-1.416115e+01
-1.414009e+01
-1.411753e+01
-1.341824e+01
-1.333977e+01
-1.324622e+01
-1.315200e+01
-1.305602e+01
-1.295873e+01
-1.285975e+01
-1.275342e+01
-1.264710e+01
-1.254283e+01
-1.095435e+01
-1.083256e+01
-1.070969e+01
-1.057850e+01
-1.044732e+01
-1.031995e+01
-1.019399e+01
-1.006424e+01
-9.927354e+00
-9.790464e+00
-9.655505e+00
-7.567273e+00
-7.413301e+00
-7.256706e+00
-7.093129e+00
-6.929553e+00
-6.773388e+00
-6.618150e+00
-6.455302e+00
-6.284982e+00
-6.115214e+00
-5.949478e+00
-3.443464e+00
-3.263061e+00
-3.078197e+00
-2.887447e+00
-2.696995e+00
-2.512621e+00
-2.328247e+00
-2.138030e+00
-1.944839e+00
-1.752323e+00
-1.561556e+00
1.239458e+00
1.438493e+00
1.643968e+00
1.853930e+00
2.062323e+00
2.264631e+00
2.466937e+00
2.675641e+00
2.885742e+00
3.095317e+00
3.304218e+00
6.369412e+00
6.576023e+00
6.793575e+00
7.014826e+00
7.232353e+00
7.443354e+00
7.654354e+00
7.876869e+00
8.099629e+00
8.315505e+00
8.526693e+00
1.159832e+01
1.180955e+01
1.202632e+01
1.224366e+01
1.245686e+01
1.266625e+01
1.287713e+01
1.309732e+01
1.331750e+01
1.353066e+01
1.374152e+01
1.643562e+01
1.661368e+01
1.679111e+01
1.695931e+01
1.712751e+01
1.728686e+01
1.744204e+01
1.759650e+01
1.774923e+01
1.790196e+01
1.803956e+01
1.950898e+01
1.956914e+01
1.962644e+01
1.967370e+01
1.972096e+01
1.975173e+01
1.977931e+01
1.980500e+01
1.982842e+01
1.985150e+01
1.987009e+01
2.015139e+01
2.016173e+01
2.017091e+01
2.017819e+01
2.018547e+01
2.018914e+01
2.019279e+01
2.019761e+01
2.020316e+01
2.020841e+01
2.021265e+01
2.022014e+01
2.021897e+01
2.021773e+01
2.021645e+01
2.021518e+01
2.021396e+01
2.021275e+01
2.020833e+01
2.020297e+01
2.019901e+01
2.019729e+01
2.016542e+01
2.016340e+01
2.016176e+01
2.016029e+01
2.015867e+01
2.015671e+01
2.015476e+01
2.014973e+01
2.014446e+01
2.014043e+01
2.013746e+01
2.007329e+01
2.007049e+01
2.007027e+01
2.007049e+01
2.007093e+01
2.007160e+01
2.007231e+01
2.007327e+01
2.007423e+01
2.007484e+01
2.007531e+01
2.009273e+01
2.009679e+01
2.010188e+01
2.010697e+01
2.011261e+01
2.011857e+01
2.012429e+01
2.012922e+01


# z
5.002645e+01
5.002645e+01
5.002645e+01
5.002645e+01
5.002645e+01
5.002645e+01
5.002645e+01
5.002645e+01
5.002645e+01
5.002645e+01
5.002645e+01
5.002645e+01
5.002645e+01
5.002645e+01
5.002645e+01
5.002645e+01
5.002645e+01
5.002645e+01
5.002645e+01
5.002645e+01
5.002645e+01
5.002645e+01
5.002645e+01
5.002645e+01
5.002645e+01
5.000548e+01
4.996354e+01
4.992645e+01
4.992645e+01
5.002645e+01
5.002645e+01
5.002645e+01
5.002645e+01
5.002645e+01
5.002645e+01
5.002645e+01
5.002645e+01
5.002646e+01
5.002646e+01
5.002646e+01
4.992646e+01
4.992646e+01
4.992646e+01
4.992646e+01
4.992646e+01
4.992646e+01
4.992646e+01
4.992646e+01
4.992646e+01
4.992646e+01
4.992646e+01
5.002646e+01
5.002646e+01
5.002647e+01
5.002647e+01
5.002647e+01
5.002647e+01
5.002647e+01
5.002647e+01
5.002647e+01
5.002647e+01
5.002647e+01
5.002647e+01
5.002647e+01
5.002647e+01
5.002647e+01
5.002647e+01
5.002647e+01
5.002647e+01
5.002647e+01
5.002647e+01
5.002647e+01
5.002647e+01
5.002647e+01
5.002647e+01
5.002647e+01
5.002647e+01
5.002647e+01
5.002647e+01
5.002647e+01
5.002647e+01
5.002647e+01
5.002647e+01
5.002647e+01
5.002647e+01
5.002647e+01
5.002647e+01
5.002647e+01
5.002647e+01
5.002647e+01
5.002647e+01
5.002647e+01
5.002647e+01
5.002647e+01
5.002647e+01
5.002646e+01
5.002646e+01
5.002646e+01
5.002646e+01
5.002646e+01
5.002646e+01
5.002646e+01
5.002646e+01
5.002646e+01
5.002646e+01
5.002646e+01
4.992645e+01
4.992645e+01
4.992645e+01
4.992645e+01
4.992645e+01
4.992645e+01
4.992645e+01
4.992645e+01
4.992645e+01
4.992645e+01
4.992645e+01
4.992645e+01
4.992645e+01
4.992645e+01
4.992645e+01
4.992645e+01
4.992645e+01
4.992645e+01
4.992645e+01
4.992645e+01
4.992645e+01
4.992645e+01
5.002645e+01
5.002645e+01
5.002645e+01
5.002645e+01
5.002645e+01
5.002645e+01
5.002645e+01
5.002645e+01
5.002645e+01
5.002645e+01
5.002645e+01
5.002645e+01
5.002645e+01
5.002645e+01
5.002645e+01
5.002645e+01
5.002645e+01
5.002645e+01
5.002645e+01
5.002645e+01
5.002645e+01
5.002645e+01
5.002645e+01
5.002645e+01
5.002645e+01
5.002645e+01
5.002645e+01
5.002645e+01
5.002645e+01
5.002645e+01
5.002645e+01
5.002645e+01
5.002645e+01
5.002645e+01
5.002645e+01
5.002645e+01
5.002645e+01
5.002645e+01
5.002645e+01
5.002645e+01
5.002645e+01
5.002645e+01
5.002645e+01
5.002645e+01
5.002645e+01
5.002645e+01
5.002645e+01
5.002645e+01
5.002645e+01
5.002645e+01
5.002645e+01
5.002645e+01
5.002645e+01
5.002645e+01
5.002645e+01
5.002645e+01
5.002645e+01
5.002645e+01
5.002645e+01
5.002645e+01
5.002645e+01
5.002645e+01
5.002645e+01
5.002645e+01
5.002645e+01
5.002645e+01
5.002645e+01
5.002645e+01
5.002645e+01
5.002645e+01
5.002645e+01
5.002645e+01
5.002645e+01
5.002645e+01
5.002645e+01
5.002645e+01
5.002646e+01
5.002646e+01
5.002646e+01
5.002646e+01
5.002646e+01
5.002646e+01
5.002646e+01
5.002646e+01
5.002646e+01
5.002646e+01
5.002646e+01
5.002646e+01
5.002646e+01
5.002646e+01
5.002646e+01
5.002646e+01
5.002646e+01
5.002646e+01
5.002646e+01
5.002646e+01
5.002646e+01
5.002647e+01
5.002647e+01
5.002647e+01
5.002647e+01
5.002647e+01
5.002647e+01
5.002647e+01
5.002647e+01
5.002647e+01
5.002647e+01
5.002647e+01
5.002647e+01
5.002647e+01
5.002647e+01
5.002647e+01
5.002647e+01
5.002647e+01
5.002647e+01
5.002647e+01
5.002647e+01
5.002647e+01
5.002647e+01
5.012647e+01
5.012647e+01
5.012647e+01
5.012647e+01
5.012647e+01
5.012647e+01
5.012647e+01
5.012647e+01
5.012647e+01
5.012647e+01
5.012647e+01
5.012647e+01
5.012647e+01
5.012647e+01
5.012647e+01
5.012647e+01
5.012647e+01
5.012647e+01
5.008540e+01
5.004346e+01
5.002646e+01
5.002646e+01
5.002646e+01
5.002646e+01
5.002646e+01
5.002646e+01
5.002646e+01
5.002646e+01
5.002646e+01
5.002646e+01
5.002646e+01
5.002646e+01
5.002646e+01
5.002645e+01
5.002645e+01
5.002645e+01
5.002645e+01
5.002645e+01
5.002645e+01
5.002645e+01
5.002645e+01
5.002645e+01
5.002644e+01
5.002644e+01
5.002644e+01
5.002644e+01
5.002644e+01
5.002644e+01
5.002644e+01
5.002644e+01
5.002644e+01
5.002644e+01
5.002644e+01
5.002644e+01
5.002644e+01
4.992644e+01
4.992644e+01
4.992644e+01
4.992644e+01
4.992644e+01
4.996820e+01
5.001015e+01
5.002644e+01
5.002644e+01
5.002644e+01
5.002644e+01
5.002644e+01
5.002644e+01
5.002644e+01
5.002644e+01
5.002644e+01
5.002644e+01
5.002644e+01
4.999415e+01
4.995221e+01
4.992644e+01
4.992644e+01
4.992644e+01
4.992644e+01
4.992644e+01
4.992644e+01
4.992644e+01
4.992644e+01
4.992644e+01
4.992644e+01
4.992644e+01
4.992644e+01
4.992644e+01
4.992644e+01
4.992644e+01
4.992644e+01
4.992644e+01
4.992644e+01
4.992644e+01
4.992283e+01
4.988089e+01
4.983894e+01
4.979700e+01
4.975506e+01
4.906785e+01
4.902591e+01
4.898397e+01
4.894202e+01
4.890008e+01
4.885814e+01
4.880595e+01
4.872207e+01


# theta_full
1.946729e+01
1.946738e+01
1.946675e+01
1.946648e+01
1.946772e+01
1.946897e+01
1.947027e+01
1.949378e+01
1.949240e+01
1.949063e+01
1.948568e+01
1.948072e+01
1.947269e+01
1.946350e+01
1.945168e+01
1.943481e+01
1.941793e+01
1.939899e+01
1.880796e+01
1.873524e+01
1.865884e+01
1.857251e+01
1.848610e+01
1.839435e+01
1.830182e+01
1.821027e+01
1.811958e+01
1.802707e+01
1.792232e+01
1.631502e+01
1.620074e+01
1.608214e+01
1.595778e+01
1.583339e+01
1.571173e+01
1.558993e+01
1.546149e+01
1.532951e+01
1.519758e+01
1.506601e+01
1.310752e+01
1.296207e+01
1.281020e+01
1.265369e+01
1.249790e+01
1.234562e+01
1.219315e+01
1.203165e+01
1.186796e+01
1.170442e+01
1.154114e+01
9.145290e+00
8.974711e+00
8.797515e+00
8.617911e+00
8.440555e+00
8.267368e+00
8.094028e+00
7.910258e+00
7.726055e+00
7.544783e+00
7.365508e+00
4.647093e+00
4.452739e+00
4.248446e+00
4.042961e+00
3.842180e+00
3.645799e+00
3.447574e+00
3.237741e+00
3.027820e+00
2.823168e+00
2.620244e+00
-1.440887e-01
-3.514989e-01
-5.595660e-01
-7.782212e-01
-9.968525e-01
-1.208720e+00
-1.417310e+00
-1.630617e+00
-1.855480e+00
-2.080287e+00
-2.298807e+00
-5.528552e+00
-5.755371e+00
-5.984686e+00
-6.223473e+00
-6.462042e+00
-6.693001e+00
-6.922264e+00
-7.156837e+00
-7.397964e+00
-7.638489e+00
-7.873869e+00
-1.129690e+01
-1.153089e+01
-1.176708e+01
-1.200716e+01
-1.224682e+01
-1.247131e+01
-1.269528e+01
-1.291924e+01
-1.314305e+01
-1.336419e+01
-1.357707e+01
-1.616781e+01
-1.629831e+01
-1.642490e+01
-1.654808e+01
-1.666842e+01
-1.677333e+01
-1.687814e+01
-1.697788e+01
-1.707599e+01
-1.716794e+01
-1.724995e+01
-1.801254e+01
-1.803494e+01
-1.805219e+01
-1.806715e+01
-1.807983e+01
-1.808736e+01
-1.809489e+01
-1.809630e+01
-1.809719e+01
-1.809570e+01
-1.809216e+01
-1.781235e+01
-1.778515e+01
-1.775532e+01
-1.772502e+01
-1.769408e+01
-1.766241e+01
-1.763042e+01
-1.759494e+01
-1.755944e+01
-1.752459e+01
-1.749000e+01
-1.700825e+01
-1.697837e+01
-1.694839e+01
-1.691841e+01
-1.689020e+01
-1.686305e+01
-1.683528e+01
-1.680553e+01
-1.677578e+01
-1.674658e+01
-1.635566e+01
-1.633256e+01
-1.630966e+01
-1.628774e+01
-1.626581e+01
-1.624858e+01
-1.623266e+01
-1.621587e+01
-1.619776e+01
-1.617968e+01
-1.616403e+01
-1.600860e+01
-1.600093e+01
-1.599340e+01
-1.598616e+01
-1.597892e+01
-1.597276e+01
-1.596667e+01
-1.596196e+01
-1.595835e+01
-1.595464e+01
-1.595044e+01
-1.592140e+01
-1.592050e+01
-1.591902e+01
-1.591691e+01
-1.591482e+01
-1.591292e+01
-1.591101e+01
-1.591034e+01
-1.591017e+01
-1.590963e+01
-1.590837e+01
-1.590832e+01
-1.591049e+01
-1.591167e+01
-1.591229e+01
-1.591294e+01
-1.591372e+01
-1.591449e+01
-1.591530e+01
-1.591612e+01
-1.591722e+01
-1.591861e+01
-1.590695e+01
-1.590051e+01
-1.589195e+01
-1.588287e+01
-1.587185e+01
-1.585812e+01
-1.584421e+01
-1.582480e+01
-1.580540e+01
-1.578307e+01
-1.575913e+01
-1.501463e+01
-1.493075e+01
-1.483068e+01
-1.472979e+01
-1.462692e+01
-1.452255e+01
-1.441626e+01
-1.430198e+01
-1.418758e+01
-1.407527e+01
-1.235118e+01
-1.221800e+01
-1.208351e+01
-1.193977e+01
-1.179588e+01
-1.165603e+01
-1.151759e+01
-1.137484e+01
-1.122408e+01
-1.107316e+01
-1.092421e+01
-8.601658e+00
-8.429179e+00
-8.253605e+00
-8.070035e+00
-7.886299e+00
-7.710735e+00
-7.536069e+00
-7.352688e+00
-7.160732e+00
-6.969236e+00
-6.782138e+00
-3.937621e+00
-3.731928e+00
-3.521048e+00
-3.303355e+00
-3.085906e+00
-2.875312e+00
-2.664640e+00
-2.447217e+00
-2.226321e+00
-2.006131e+00
-1.787884e+00
1.416442e+00
1.643782e+00
1.878423e+00
2.118122e+00
2.355957e+00
2.586769e+00
2.817496e+00
3.055424e+00
3.294837e+00
3.533536e+00
3.771345e+00
7.241586e+00
7.473875e+00
7.718196e+00
7.966382e+00
8.210099e+00
8.446219e+00
8.682048e+00
8.937629e+00
9.193705e+00
9.437538e+00
9.672749e+00
1.305305e+01
1.328242e+01
1.351735e+01
1.375245e+01
1.398260e+01
1.420820e+01
1.443494e+01
1.467119e+01
1.490694e+01
1.513468e+01
1.535947e+01
1.818735e+01
1.837122e+01
1.855406e+01
1.872702e+01
1.889962e+01
1.906282e+01
1.922144e+01
1.937902e+01
1.953453e+01
1.968975e+01
1.982933e+01
2.130446e+01
2.136424e+01
2.142114e+01
2.146803e+01
2.151489e+01
2.154539e+01
2.157271e+01
2.159815e+01
2.162133e+01
2.164418e+01
2.166257e+01
2.198007e+01
2.199027e+01
2.199933e+01
2.200651e+01
2.201369e+01
2.200066e+01
2.198757e+01
2.198583e+01
2.199130e+01
2.199647e+01
2.200064e+01
2.200802e+01
2.200687e+01
2.200565e+01
2.200439e+01
2.200313e+01
2.200194e+01
2.200074e+01
2.200925e+01
2.202067e+01
2.202704e+01
2.202535e+01
2.199391e+01
2.199192e+01
2.199030e+01
2.198885e+01
2.198725e+01
2.198532e+01
2.198339e+01
2.197843e+01
2.197322e+01
2.196925e+01
2.196632e+01
2.190296e+01
2.190018e+01
2.189997e+01
2.190019e+01
2.190062e+01
2.190129e+01
2.190342e+01
2.192104e+01
2.193869e+01
2.195602e+01
2.197323e+01
2.226854e+01
2.228980e+01
2.231210e+01
2.233444e+01
2.235737e+01
2.238065e+01
2.240795e+01
2.244766e+01


# theta1
1.946729e+01
1.946738e+01
1.946675e+01
1.946648e+01
1.946772e+01
1.946897e+01
1.947027e+01
1.949378e+01
1.949240e+01
1.949063e+01
1.948568e+01
1.948072e+01
1.947269e+01
1.946350e+01
1.945168e+01
1.943481e+01
1.941793e+01
1.939899e+01
1.880796e+01
1.873524e+01
1.865884e+01
1.857251e+01
1.848610e+01
1.839435e+01
1.830182e+01
1.821027e+01
1.811958e+01
1.802707e+01
1.792232e+01
1.631502e+01
1.620074e+01
1.608214e+01
1.595778e+01
1.583339e+01
1.571173e+01
1.558993e+01
1.546149e+01
1.532951e+01
1.519758e+01
1.506601e+01
1.310752e+01
1.296207e+01
1.281020e+01
1.265369e+01
1.249790e+01
1.234562e+01
1.219315e+01
1.203165e+01
1.186796e+01
1.170442e+01
1.154114e+01
9.145290e+00
8.974711e+00
8.797515e+00
8.617911e+00
8.440555e+00
8.267368e+00
8.094028e+00
7.910258e+00
7.726055e+00
7.544783e+00
7.365508e+00
4.647093e+00
4.452739e+00
4.248446e+00
4.042961e+00
3.842180e+00
3.645799e+00
3.447574e+00
3.237741e+00
3.027820e+00
2.823168e+00
2.620244e+00
-1.440887e-01
-3.514989e-01
-5.595660e-01
-7.782212e-01
-9.968525e-01
-1.208720e+00
-1.417310e+00
-1.630617e+00
-1.855480e+00
-2.080287e+00
-2.298807e+00
-5.528552e+00
-5.755371e+00
-5.984686e+00
-6.223473e+00
-6.462042e+00
-6.693001e+00
-6.922264e+00
-7.156837e+00
-7.397964e+00
-7.638489e+00
-7.873869e+00
-1.129690e+01
-1.153089e+01
-1.176708e+01
-1.200716e+01
-1.224682e+01
-1.247131e+01
-1.269528e+01
-1.291924e+01
-1.314305e+01
-1.336419e+01
-1.357707e+01
-1.616781e+01
-1.629831e+01
-1.642490e+01
-1.654808e+01
-1.666842e+01
-1.677333e+01
-1.687814e+01
-1.697788e+01
-1.707599e+01
-1.716794e+01
-1.724995e+01
-1.801254e+01
-1.803494e+01
-1.805219e+01
-1.806715e+01
-1.807983e+01
-1.808736e+01
-1.809489e+01
-1.809630e+01
-1.809719e+01
-1.809570e+01
-1.809216e+01
-1.781235e+01
-1.778515e+01
-1.775532e+01
-1.772502e+01
-1.769408e+01
-1.766241e+01
-1.763042e+01
-1.759494e+01
-1.755944e+01
-1.752459e+01
-1.749000e+01
-1.700825e+01
-1.697837e+01
-1.694839e+01
-1.691841e+01
-1.689020e+01
-1.686305e+01
-1.683528e+01
-1.680553e+01
-1.677578e+01
-1.674658e+01
-1.635566e+01
-1.633256e+01
-1.630966e+01
-1.628774e+01
-1.626581e+01
-1.624858e+01
-1.623266e+01
-1.621587e+01
-1.619776e+01
-1.617968e+01
-1.616403e+01
-1.600860e+01
-1.600093e+01
-1.599340e+01
-1.598616e+01
-1.597892e+01
-1.597276e+01
-1.596667e+01
-1.596196e+01
-1.595835e+01
-1.595464e+01
-1.595044e+01
-1.592140e+01
-1.592050e+01
-1.591902e+01
-1.591691e+01


# theta2
-1.591612e+01
-1.591722e+01
-1.591861e+01
-1.590695e+01
-1.590051e+01
-1.589195e+01
-1.588287e+01
-1.587185e+01
-1.585812e+01
-1.584421e+01
-1.582480e+01
-1.580540e+01
-1.578307e+01
-1.575913e+01
-1.501463e+01
-1.493075e+01
-1.483068e+01
-1.472979e+01
-1.462692e+01
-1.452255e+01
-1.441626e+01
-1.430198e+01
-1.418758e+01
-1.407527e+01
-1.235118e+01
-1.221800e+01
-1.208351e+01
-1.193977e+01
-1.179588e+01
-1.165603e+01
-1.151759e+01
-1.137484e+01
-1.122408e+01
-1.107316e+01
-1.092421e+01
-8.601658e+00
-8.429179e+00
-8.253605e+00
-8.070035e+00
-7.886299e+00
-7.710735e+00
-7.536069e+00
-7.352688e+00
-7.160732e+00
-6.969236e+00
-6.782138e+00
-3.937621e+00
-3.731928e+00
-3.521048e+00
-3.303355e+00
-3.085906e+00
-2.875312e+00
-2.664640e+00
-2.447217e+00
-2.226321e+00
-2.006131e+00
-1.787884e+00
1.416442e+00
1.643782e+00
1.878423e+00
2.118122e+00
2.355957e+00
2.586769e+00
2.817496e+00
3.055424e+00
3.294837e+00
3.533536e+00
3.771345e+00
7.241586e+00
7.473875e+00
7.718196e+00
7.966382e+00
8.210099e+00
8.446219e+00
8.682048e+00
8.937629e+00
9.193705e+00
9.437538e+00
9.672749e+00
1.305305e+01
1.328242e+01
1.351735e+01
1.375245e+01
1.398260e+01
1.420820e+01
1.443494e+01
1.467119e+01
1.490694e+01
1.513468e+01
1.535947e+01
1.818735e+01
1.837122e+01
1.855406e+01
1.872702e+01
1.889962e+01
1.906282e+01
1.922144e+01
1.937902e+01
1.953453e+01
1.968975e+01
1.982933e+01
2.130446e+01
2.136424e+01
2.142114e+01
2.146803e+01
2.151489e+01
2.154539e+01
2.157271e+01
2.159815e+01
2.162133e+01


# amp_full
3.641811e-10
3.425755e-10
2.937483e-10
3.239288e-10
3.973840e-10
3.001547e-10
3.297364e-10
3.325134e-10
3.283068e-10
2.619375e-10
3.179102e-10
3.216700e-10
3.637764e-10
2.953353e-10
3.536857e-10
2.805446e-10
3.368118e-10
3.073095e-10
2.435129e-10
3.136610e-10
2.855686e-10
3.118018e-10
3.701657e-10
3.097370e-10
3.144028e-10
3.812486e-10
4.577477e-10
5.192880e-10
4.507546e-10
6.631353e-10
5.632527e-10
6.478060e-10
6.380151e-10
6.137298e-10
6.928642e-10
6.417324e-10
6.335647e-10
6.967795e-10
6.580823e-10
6.662145e-10
8.644279e-10
8.209973e-10
7.985246e-10
7.848810e-10
8.257817e-10
7.708504e-10
8.044667e-10
8.342055e-10
8.361707e-10
8.871431e-10
8.452092e-10
1.241810e-09
1.173402e-09
1.178174e-09
1.235220e-09
1.249334e-09
1.314976e-09
1.426104e-09
1.509222e-09
1.561879e-09
1.594407e-09
1.615251e-09
2.555878e-09
2.736480e-09
2.788459e-09
2.865362e-09
2.916124e-09
2.950889e-09
3.054153e-09
3.140206e-09
3.106808e-09
3.232256e-09
3.263042e-09
3.388436e-09
3.341329e-09
3.247951e-09
3.177884e-09
3.249851e-09
3.236097e-09
3.191709e-09
3.086041e-09
3.088632e-09
3.039230e-09
3.058752e-09
2.081712e-09
1.945568e-09
1.915451e-09
1.914339e-09
1.880896e-09
1.810383e-09
1.734422e-09
1.641701e-09
1.591084e-09
1.574180e-09
1.456010e-09
1.088514e-09
9.894437e-10
8.431566e-10
8.649923e-10
8.300460e-10
7.848022e-10
7.776478e-10
7.583095e-10
7.294453e-10
6.562987e-10
5.896980e-10
2.656979e-10
2.727746e-10
1.943529e-10
1.416067e-10
2.361895e-11
5.779440e-11
1.486107e-10
1.332498e-10
1.279890e-10
6.277874e-11
1.132475e-10
2.574604e-10
2.733414e-10
1.839230e-10
2.177428e-10
1.518381e-10
1.911841e-10
2.456315e-10
2.011700e-10
2.013608e-10
1.772756e-10
1.955754e-10
2.479411e-10
1.381589e-10
1.125151e-10
1.824172e-10
1.838393e-10
1.772803e-10
1.174073e-10
1.698258e-10
1.488025e-10
1.248416e-10
1.231589e-10
1.849994e-10
7.465118e-11
1.518633e-10
1.013220e-10
1.045278e-10
1.403994e-10
2.332621e-10
1.761144e-10
1.607567e-10
1.760647e-10
2.634827e-10
2.621567e-10
2.142064e-10
2.671096e-10
3.139099e-10
2.837116e-10
2.821914e-10
2.467760e-10
2.963110e-10
2.825909e-10
3.120844e-10
2.734719e-10
3.163637e-10
3.941058e-10
3.253591e-10
3.022472e-10
3.087660e-10
3.142177e-10
3.356371e-10
3.588899e-10
2.948639e-10
3.608562e-10
3.411390e-10
2.894063e-10
3.668118e-10
3.318103e-10
3.042413e-10
3.215212e-10
4.323084e-10
2.925275e-10
3.512457e-10
3.772334e-10
2.680084e-10
2.565051e-10
2.718182e-10
3.297689e-10
2.726417e-10
2.419362e-10
3.063249e-10
3.169617e-10
2.638841e-10
2.434659e-10
3.602131e-10
2.991920e-10
2.948557e-10
3.421266e-10
3.293627e-10
3.371594e-10
2.902226e-10
3.501102e-10
2.918719e-10
3.903826e-10
3.558331e-10
4.236328e-10
3.193236e-10
3.793604e-10
3.257058e-10
4.760361e-10
4.639570e-10
5.010041e-10
4.798172e-10
4.841223e-10
4.432006e-10
4.675221e-10
5.356404e-10
8.676496e-10
8.215729e-10
8.719943e-10
8.740082e-10
9.786091e-10
1.043351e-09
1.010364e-09
1.008042e-09
1.076449e-09
1.112106e-09
1.195259e-09
1.377715e-09
1.403248e-09
1.391440e-09
1.462247e-09
1.561261e-09
1.614061e-09
1.742344e-09
1.775777e-09
1.867657e-09
1.910233e-09
1.928516e-09
2.955586e-09
3.070238e-09
3.102556e-09
3.103583e-09
3.192448e-09
3.261911e-09
3.339913e-09
3.514838e-09
3.483255e-09
3.548076e-09
3.581547e-09
3.802064e-09
3.765108e-09
3.677769e-09
3.630631e-09
3.680603e-09
3.676000e-09
3.585244e-09
3.546850e-09
3.473132e-09
3.514736e-09
3.283976e-09
1.860262e-09
1.803654e-09
1.610787e-09
1.579984e-09
1.455342e-09
1.415540e-09
1.367004e-09
1.295152e-09
1.253705e-09
1.200693e-09
1.155190e-09
9.984608e-10
9.169225e-10
8.046245e-10
8.167468e-10
7.657682e-10
7.727269e-10
7.831062e-10
6.959847e-10
6.710945e-10
6.489338e-10
6.892493e-10
3.829574e-10
3.573537e-10
3.526423e-10
2.769699e-10
3.038982e-10
3.175838e-10
2.221773e-10
2.636293e-10
3.122504e-10
2.900563e-10
2.923363e-10
1.649581e-10
1.575261e-10
1.490418e-10
1.160912e-10
1.629816e-10
1.660102e-10
2.071728e-10
1.439207e-10
1.869940e-10
1.742704e-10
9.031205e-11
1.336365e-10
7.353126e-11
1.152277e-10
1.559891e-10
1.281639e-10
7.887182e-11
8.221192e-11
7.383151e-11
1.239337e-10
1.479058e-10
1.105619e-10
1.547136e-10
1.182097e-10
8.677613e-11
7.305187e-11
1.361540e-10
7.536124e-11
1.136440e-10
1.365813e-10
8.341060e-11
7.113433e-11
1.098517e-10
1.214163e-10
1.089481e-10
7.995117e-11
7.796896e-11
9.006661e-11
9.408273e-11
1.467594e-10
1.022882e-10
1.308824e-10
9.813824e-11
1.011639e-10
1.248074e-10
1.560616e-10
1.104423e-10
1.486656e-10
1.627218e-10
1.629997e-10
1.461622e-10
1.889808e-10
1.200657e-10
1.412131e-10
1.224844e-10
1.115010e-10
1.090121e-10
1.445550e-10
1.011157e-10
1.091545e-10
2.574629e-11
8.655717e-11
1.147105e-10


# phase_full
-1.276094e+02
-1.239411e+02
-1.164245e+02
-1.272483e+02
-1.311652e+02
-1.435164e+02
-1.219362e+02
-1.412324e+02
-1.459121e+02
-1.409776e+02
-1.509541e+02
-1.474261e+02
-1.484918e+02
-1.646985e+02
-1.658388e+02
-1.725475e+02
-1.705920e+02
-1.732618e+02
7.828602e+01
4.810644e+01
3.887076e+01
1.449092e+01
-1.191928e+01
-3.200943e+01
-5.759808e+01
-7.454998e+01
-1.087750e+02
-1.276911e+02
-1.431501e+02
-7.692193e+01
-1.012523e+02
-1.144391e+02
-1.371722e+02
-1.542437e+02
-1.770511e+02
1.695391e+02
1.397119e+02
1.214938e+02
1.029957e+02
7.898823e+01
1.562802e+02
1.385855e+02
1.176532e+02
1.010462e+02
7.650103e+01
5.947640e+01
4.004323e+01
1.991888e+01
-1.961670e+00
-1.522611e+01
-2.554701e+01
-1.570056e+02
-1.642050e+02
-1.699436e+02
-1.794463e+02
1.723799e+02
1.646590e+02
1.544406e+02
1.514760e+02
1.439068e+02
1.387137e+02
1.334459e+02
4.814155e+01
4.729740e+01
4.472515e+01
4.271130e+01
4.261678e+01
4.294905e+01
4.371015e+01
4.476020e+01
4.715710e+01
5.121636e+01
5.601646e+01
1.517084e+02
1.609093e+02
1.721524e+02
-1.771370e+02
-1.670395e+02
-1.555373e+02
-1.417273e+02
-1.301118e+02
-1.166956e+02
-1.019061e+02
-8.702698e+01
-1.543831e+02
-1.298739e+02
-1.034756e+02
-7.590289e+01
-4.872495e+01
-1.947172e+01
7.711766e+00
3.574345e+01
6.721779e+01
9.999196e+01
1.287332e+02
-6.609115e+01
-1.595492e+01
3.043523e+01
7.180037e+01
1.210615e+02
1.709189e+02
-1.393508e+02
-9.130146e+01
-4.800194e+01
4.935224e+00
5.829706e+01
-5.437535e+01
-3.486196e+01
2.009858e+01
4.407824e+01
7.448125e+01
8.240265e+01
1.238270e+02
-1.653306e+02
1.510280e+02
-1.624234e+02
-1.637991e+02
8.701137e+01
9.653332e+01
1.097534e+02
1.001717e+02
1.393463e+02
1.413499e+02
1.638018e+02
1.696268e+02
-1.745268e+02
1.609487e+02
-1.739752e+02
-1.111403e+02
-1.185954e+02
-1.288011e+02
-1.015593e+02
-1.034462e+02
-1.020901e+02
-1.234050e+02
-9.327645e+01
-1.303167e+02
-9.996406e+01
-1.272042e+02
-8.824725e+01
-8.227338e+01
-8.134980e+01
-8.342252e+01
-6.192618e+01
-6.916579e+01
-6.539988e+01
-6.625444e+01
-7.140678e+01
-7.436293e+01
-4.736321e+01
-5.029267e+01
-3.944487e+01
-3.951631e+01
-3.301470e+01
-4.111609e+01
-3.182671e+01
-7.549651e+00
-1.805106e+01
-1.320552e+01
9.327278e-01
9.468675e+01
8.315426e+01
1.004031e+02
9.878432e+01
9.675695e+01
1.245255e+02
1.264045e+02
1.321471e+02
1.361377e+02
1.442104e+02
1.491285e+02
-1.001181e+02
-8.388014e+01
-7.256477e+01
-7.427699e+01
-6.653586e+01
-4.573906e+01
-4.248321e+01
-3.634082e+01
-3.878502e+01
-1.822864e+01
-2.549485e+01
1.232269e+02
1.301679e+02
1.473031e+02
1.500753e+02
1.685481e+02
1.777823e+02
-1.745190e+02
-1.695484e+02
-1.643817e+02
-1.403500e+02
-1.337695e+02
-3.875632e+01
-2.334936e+01
-2.567495e+01
-7.071911e+00
-3.010216e+00
3.483154e+00
1.242943e+01
2.363320e+01
2.111104e+01
4.027835e+01
3.932069e+01
4.910573e+01
4.013396e+01
2.994404e+01
1.849302e+01
8.232974e+00
-1.627577e-01
-1.501675e+01
-3.282666e+01
-2.905362e+01
-5.267681e+01
1.303353e+02
1.142728e+02
9.841335e+01
8.454131e+01
6.632257e+01
5.184214e+01
3.296053e+01
1.402087e+01
2.425573e+00
-1.624207e+01
-2.941998e+01
1.493856e+02
1.363500e+02
1.228396e+02
1.118967e+02
9.965395e+01
9.052929e+01
7.872896e+01
6.655643e+01
5.691053e+01
4.720805e+01
3.962285e+01
-6.216117e+01
-6.752143e+01
-6.895964e+01
-7.103457e+01
-7.189088e+01
-7.181053e+01
-7.147274e+01
-6.924199e+01
-6.790123e+01
-6.269609e+01
-5.774297e+01
4.522710e+01
5.410299e+01
6.272387e+01
7.219208e+01
8.177079e+01
9.149048e+01
1.011305e+02
1.124728e+02
1.228625e+02
1.343868e+02
1.464752e+02
3.642796e+01
5.999620e+01
8.500003e+01
1.078363e+02
1.331117e+02
1.616792e+02
-1.737921e+02
-1.466409e+02
-1.194913e+02
-9.657961e+01
-6.037632e+01
8.673932e+01
1.302130e+02
1.788264e+02
-1.414221e+02
-9.473669e+01
-5.068732e+01
-3.680199e+00
4.670730e+01
9.463508e+01
1.436297e+02
-1.597972e+02
-1.713718e+02
-1.054096e+02
-6.009281e+01
-1.950497e+01
2.065174e+01
8.429015e+01
1.490436e+02
-1.601342e+02
-1.219178e+02
-7.775880e+01
-3.620771e+01
1.185864e+02
1.294036e+02
1.592748e+02
-1.362685e+02
-1.540778e+02
-1.057202e+02
-1.109932e+02
-8.830613e+01
-8.813933e+01
-1.057458e+02
-7.777530e+01
1.059478e+02
1.216813e+02
1.428960e+02
1.296715e+02
1.797600e+02
-1.745611e+02
1.677303e+02
-1.405843e+02
-1.379177e+02
-1.197508e+02
-1.469214e+02
1.208463e+00
6.260230e+01
3.959258e+01
5.662440e+01
8.006049e+01
1.063293e+02
9.732906e+01
1.131303e+02
1.242645e+02
1.657136e+02
-1.622463e+02
-4.116576e+01
-5.069225e+01
-1.177433e+01
-1.457363e+01
1.409360e+01
3.495287e+01
4.086889e+01
3.044795e+01
2.262404e+01
4.571616e+01
8.298814e+01
-1.482298e+02
-1.096242e+02
-1.067136e+02
-1.430632e+02
-1.105509e+02
-1.234444e+02
-1.341070e+02
-1.478765e+02
-1.240345e+02
-1.532476e+02
-1.648906e+02
-1.304931e+02
-1.292802e+02
-1.601050e+02
1.694795e+02
1.313797e+02
1.676806e+02
-1.785508e+02
1.189183e+02


# amp1
3.641811e-10
3.425755e-10
2.937483e-10
3.239288e-10
3.973840e-10
3.001547e-10
3.297364e-10
3.325134e-10
3.283068e-10
2.619375e-10
3.179102e-10
3.216700e-10
3.637764e-10
2.953353e-10
3.536857e-10
2.805446e-10
3.368118e-10
3.073095e-10
2.435129e-10
3.136610e-10
2.855686e-10
3.118018e-10
3.701657e-10
3.097370e-10
3.144028e-10
3.812486e-10
4.577477e-10
5.192880e-10
4.507546e-10
6.631353e-10
5.632527e-10
6.478060e-10
6.380151e-10
6.137298e-10
6.928642e-10
6.417324e-10
6.335647e-10
6.967795e-10
6.580823e-10
6.662145e-10
8.644279e-10
8.209973e-10
7.985246e-10
7.848810e-10
8.257817e-10
7.708504e-10
8.044667e-10
8.342055e-10
8.361707e-10
8.871431e-10
8.452092e-10
1.241810e-09
1.173402e-09
1.178174e-09
1.235220e-09
1.249334e-09
1.314976e-09
1.426104e-09
1.509222e-09
1.561879e-09
1.594407e-09
1.615251e-09
2.555878e-09
2.736480e-09
2.788459e-09
2.865362e-09
2.916124e-09
2.950889e-09
3.054153e-09
3.140206e-09
3.106808e-09
3.232256e-09
3.263042e-09
3.388436e-09
3.341329e-09
3.247951e-09
3.177884e-09
3.249851e-09
3.236097e-09
3.191709e-09
3.086041e-09
3.088632e-09
3.039230e-09
3.058752e-09
2.081712e-09
1.945568e-09
1.915451e-09
1.914339e-09
1.880896e-09
1.810383e-09
1.734422e-09
1.641701e-09
1.591084e-09
1.574180e-09
1.456010e-09
1.088514e-09
9.894437e-10
8.431566e-10
8.649923e-10
8.300460e-10
7.848022e-10
7.776478e-10
7.583095e-10
7.294453e-10
6.562987e-10
5.896980e-10
2.656979e-10
2.727746e-10
1.943529e-10
1.416067e-10
2.361895e-11
5.779440e-11
1.486107e-10
1.332498e-10
1.279890e-10
6.277874e-11
1.132475e-10
2.574604e-10
2.733414e-10
1.839230e-10
2.177428e-10
1.518381e-10
1.911841e-10
2.456315e-10
2.011700e-10
2.013608e-10
1.772756e-10
1.955754e-10
2.479411e-10
1.381589e-10
1.125151e-10
1.824172e-10
1.838393e-10
1.772803e-10
1.174073e-10
1.698258e-10
1.488025e-10
1.248416e-10
1.231589e-10
1.849994e-10
7.465118e-11
1.518633e-10
1.013220e-10
1.045278e-10
1.403994e-10
2.332621e-10
1.761144e-10
1.607567e-10
1.760647e-10
2.634827e-10
2.621567e-10
2.142064e-10
2.671096e-10
3.139099e-10
2.837116e-10
2.821914e-10
2.467760e-10
2.963110e-10
2.825909e-10
3.120844e-10
2.734719e-10
3.163637e-10
3.941058e-10
3.253591e-10
3.022472e-10
3.087660e-10
3.142177e-10
3.356371e-10
3.588899e-10
2.948639e-10
3.608562e-10
3.411390e-10
2.894063e-10
3.668118e-10
3.318103e-10


# phase1
-1.276094e+02
-1.239411e+02
-1.164245e+02
-1.272483e+02
-1.311652e+02
-1.435164e+02
-1.219362e+02
-1.412324e+02
-1.459121e+02
-1.409776e+02
-1.509541e+02
-1.474261e+02
-1.484918e+02
-1.646985e+02
-1.658388e+02
-1.725475e+02
-1.705920e+02
-1.732618e+02
7.828602e+01
4.810644e+01
3.887076e+01
1.449092e+01
-1.191928e+01
-3.200943e+01
-5.759808e+01
-7.454998e+01
-1.087750e+02
-1.276911e+02
-1.431501e+02
-7.692193e+01
-1.012523e+02
-1.144391e+02
-1.371722e+02
-1.542437e+02
-1.770511e+02
1.695391e+02
1.397119e+02
1.214938e+02
1.029957e+02
7.898823e+01
1.562802e+02
1.385855e+02
1.176532e+02
1.010462e+02
7.650103e+01
5.947640e+01
4.004323e+01
1.991888e+01
-1.961670e+00
-1.522611e+01
-2.554701e+01
-1.570056e+02
-1.642050e+02
-1.699436e+02
-1.794463e+02
1.723799e+02
1.646590e+02
1.544406e+02
1.514760e+02
1.439068e+02
1.387137e+02
1.334459e+02
4.814155e+01
4.729740e+01
4.472515e+01
4.271130e+01
4.261678e+01
4.294905e+01
4.371015e+01
4.476020e+01
4.715710e+01
5.121636e+01
5.601646e+01
1.517084e+02
1.609093e+02
1.721524e+02
-1.771370e+02
-1.670395e+02
-1.555373e+02
-1.417273e+02
-1.301118e+02
-1.166956e+02
-1.019061e+02
-8.702698e+01
-1.543831e+02
-1.298739e+02
-1.034756e+02
-7.590289e+01
-4.872495e+01
-1.947172e+01
7.711766e+00
3.574345e+01
6.721779e+01
9.999196e+01
1.287332e+02
-6.609115e+01
-1.595492e+01
3.043523e+01
7.180037e+01
1.210615e+02
1.709189e+02
-1.393508e+02
-9.130146e+01
-4.800194e+01
4.935224e+00
5.829706e+01
-5.437535e+01
-3.486196e+01
2.009858e+01
4.407824e+01
7.448125e+01
8.240265e+01
1.238270e+02
-1.653306e+02
1.510280e+02
-1.624234e+02
-1.637991e+02
8.701137e+01
9.653332e+01
1.097534e+02
1.001717e+02
1.393463e+02
1.413499e+02
1.638018e+02
1.696268e+02
-1.745268e+02
1.609487e+02
-1.739752e+02
-1.111403e+02
-1.185954e+02
-1.288011e+02
-1.015593e+02
-1.034462e+02
-1.020901e+02
-1.234050e+02
-9.327645e+01
-1.303167e+02
-9.996406e+01
-1.272042e+02
-8.824725e+01
-8.227338e+01
-8.134980e+01
-8.342252e+01
-6.192618e+01
-6.916579e+01
-6.539988e+01
-6.625444e+01
-7.140678e+01
-7.436293e+01
-4.736321e+01
-5.029267e+01
-3.944487e+01
-3.951631e+01
-3.301470e+01
-4.111609e+01
-3.182671e+01
-7.549651e+00
-1.805106e+01
-1.320552e+01
9.327278e-01
9.468675e+01
8.315426e+01
1.004031e+02
9.878432e+01
9.675695e+01
1.245255e+02
1.264045e+02
1.321471e+02
1.361377e+02
1.442104e+02
1.491285e+02
-1.001181e+02
-8.388014e+01
-7.256477e+01
-7.427699e+01


# amp2
2.434659e-10
3.602131e-10
2.991920e-10
2.948557e-10
3.421266e-10
3.293627e-10
3.371594e-10
2.902226e-10
3.501102e-10
2.918719e-10
3.903826e-10
3.558331e-10
4.236328e-10
3.193236e-10
3.793604e-10
3.257058e-10
4.760361e-10
4.639570e-10
5.010041e-10
4.798172e-10
4.841223e-10
4.432006e-10
4.675221e-10
5.356404e-10
8.676496e-10
8.215729e-10
8.719943e-10
8.740082e-10
9.786091e-10
1.043351e-09
1.010364e-09
1.008042e-09
1.076449e-09
1.112106e-09
1.195259e-09
1.377715e-09
1.403248e-09
1.391440e-09
1.462247e-09
1.561261e-09
1.614061e-09
1.742344e-09
1.775777e-09
1.867657e-09
1.910233e-09
1.928516e-09
2.955586e-09
3.070238e-09
3.102556e-09
3.103583e-09
3.192448e-09
3.261911e-09
3.339913e-09
3.514838e-09
3.483255e-09
3.548076e-09
3.581547e-09
3.802064e-09
3.765108e-09
3.677769e-09
3.630631e-09
3.680603e-09
3.676000e-09
3.585244e-09
3.546850e-09
3.473132e-09
3.514736e-09
3.283976e-09
1.860262e-09
1.803654e-09
1.610787e-09
1.579984e-09
1.455342e-09
1.415540e-09
1.367004e-09
1.295152e-09
1.253705e-09
1.200693e-09
1.155190e-09
9.984608e-10
9.169225e-10
8.046245e-10
8.167468e-10
7.657682e-10
7.727269e-10
7.831062e-10
6.959847e-10
6.710945e-10
6.489338e-10
6.892493e-10
3.829574e-10
3.573537e-10
3.526423e-10
2.769699e-10
3.038982e-10
3.175838e-10
2.221773e-10
2.636293e-10
3.122504e-10
2.900563e-10
2.923363e-10
1.649581e-10
1.575261e-10
1.490418e-10
1.160912e-10
1.629816e-10
1.660102e-10
2.071728e-10
1.439207e-10
1.869940e-10


# phase2
-1.643817e+02
-1.403500e+02
-1.337695e+02
-3.875632e+01
-2.334936e+01
-2.567495e+01
-7.071911e+00
-3.010216e+00
3.483154e+00
1.242943e+01
2.363320e+01
2.111104e+01
4.027835e+01
3.932069e+01
4.910573e+01
4.013396e+01
2.994404e+01
1.849302e+01
8.232974e+00
-1.627577e-01
-1.501675e+01
-3.282666e+01
-2.905362e+01
-5.267681e+01
1.303353e+02
1.142728e+02
9.841335e+01
8.454131e+01
6.632257e+01
5.184214e+01
3.296053e+01
1.402087e+01
2.425573e+00
-1.624207e+01
-2.941998e+01
1.493856e+02
1.363500e+02
1.228396e+02
1.118967e+02
9.965395e+01
9.052929e+01
7.872896e+01
6.655643e+01
5.691053e+01
4.720805e+01
3.962285e+01
-6.216117e+01
-6.752143e+01
-6.895964e+01
-7.103457e+01
-7.189088e+01
-7.181053e+01
-7.147274e+01
-6.924199e+01
-6.790123e+01
-6.269609e+01
-5.774297e+01
4.522710e+01
5.410299e+01
6.272387e+01
7.219208e+01
8.177079e+01
9.149048e+01
1.011305e+02
1.124728e+02
1.228625e+02
1.343868e+02
1.464752e+02
3.642796e+01
5.999620e+01
8.500003e+01
1.078363e+02
1.331117e+02
1.616792e+02
-1.737921e+02
-1.466409e+02
-1.194913e+02
-9.657961e+01
-6.037632e+01
8.673932e+01
1.302130e+02
1.788264e+02
-1.414221e+02
-9.473669e+01
-5.068732e+01
-3.680199e+00
4.670730e+01
9.463508e+01
1.436297e+02
-1.597972e+02
-1.713718e+02
-1.054096e+02
-6.009281e+01
-1.950497e+01
2.065174e+01
8.429015e+01
1.490436e+02
-1.601342e+02
-1.219178e+02
-7.775880e+01
-3.620771e+01
1.185864e+02
1.294036e+02
1.592748e+02
-1.362685e+02
-1.540778e+02
-1.057202e+02
-1.109932e+02
-8.830613e+01
-8.813933e+01


